110 53 36 90 86 : 2736
34 23 63 36 90 : 2640
90 1 110 36 : 2728
23 63 59 90 85 : 2672
36 23 39 : 3016
23 63 59 90 86 : 2672
28 53 39 34 86 85 : 2496
34 23 39 : 3016
1 110 34 : 2848
28 2 34 : 3216
1 110 90 34 : 2776
23 93 2 86 85 : 2560
23 36 34 : 3272
28 2 39 : 3216
1 110 36 : 2800
86 28 63 39 34 : 2552
85 28 63 39 34 : 2552
10 34 86 85 : 3218
93 2 63 59 86 85 : 2536
1 90 34 86 85 : 3800
28 2 39 90 86 : 2496
86 1 110 36 : 2800
28 2 39 90 85 : 2688
63 36 85 : 4184
63 34 86 : 4744
63 34 85 : 4744
23 2 63 36 34 86 85 : 2464
86 63 39 : 3208
23 63 36 34 85 : 2936
63 39 85 : 3400
63 36 86 : 3992
23 63 36 34 86 : 2936
3 : 3656
2 : 4208
1 : 3916
59 39 86 85 : 3400
53 63 59 90 86 85 : 2520
67 63 59 34 : 2500
86 23 93 2 90 : 2528
7 : 828
6 : 3152
5 : 32
23 93 2 90 85 : 2528
4 : 452
63 90 34 : 4304
23 63 59 86 85 : 2968
9 : 2556
8 : 4
85 63 59 39 90 : 2696
93 2 63 59 90 85 : 2624
63 36 90 : 3888
86 63 59 39 90 : 2504
28 2 53 : 2496
39 23 59 : 2872
90 63 39 : 2960
1 110 24 86 : 2504
1 110 24 85 : 2504
59 28 2 : 2840
39 36 90 34 85 : 4016
36 23 59 : 3128
39 36 90 34 86 : 4016
34 53 59 36 : 2736
34 23 59 : 3232
85 28 63 39 34 86 : 2552
23 93 90 34 86 85 : 3080
63 59 39 36 34 86 85 : 2608
2 39 34 86 85 : 3728
23 93 63 59 36 86 85 : 2672
23 63 36 : 2936
23 63 34 : 3040
116 34 86 85 : 3130
86 59 90 : 4544
59 90 85 : 4736
3 86 85 : 3608
53 39 90 34 86 85 : 2784
63 59 86 : 3964
63 36 90 86 85 : 3696
63 59 85 : 4156
90 1 110 24 : 2504
1 110 36 85 : 2800
86 1 110 34 : 2848
1 110 34 85 : 2848
23 63 39 : 2680
76 59 90 34 86 85 : 2936
93 63 59 36 90 34 85 : 2760
28 2 39 86 85 : 3024
63 90 86 85 : 4304
93 63 59 36 90 34 86 : 2760
3 90 86 : 3416
3 90 85 : 3464
116 36 90 86 85 : 2912
63 59 90 : 3788
67 59 34 86 85 : 3304
23 39 90 34 85 : 2720
23 93 63 59 36 90 85 : 2568
23 39 90 34 86 : 2720
86 23 93 63 59 36 90 : 2568
93 59 86 85 : 3472
34 63 39 : 3208
36 63 39 : 2872
36 2 63 59 : 2752
6 90 34 86 : 2970
6 90 34 85 : 2972
34 67 63 90 : 2720
2 63 59 39 : 2920
23 63 36 86 85 : 2936
2 63 59 34 : 2932
2 76 86 85 : 2704
93 59 90 85 : 3416
1 110 86 85 : 2848
63 36 34 : 3992
93 59 90 86 : 3224
1 36 34 86 85 : 3786
93 2 63 59 36 90 : 2528
23 93 59 90 86 85 : 2936
67 63 34 85 : 3064
86 67 63 34 : 3064
23 34 86 : 3376
93 2 36 34 86 85 : 2576
23 36 85 : 3272
93 2 36 90 34 86 : 2528
53 24 90 86 85 : 2496
23 34 85 : 3376
93 2 36 90 34 85 : 2528
86 53 63 59 90 34 : 2520
1 110 85 : 2848
53 63 59 90 34 85 : 2520
1 110 86 : 2848
1 110 90 86 : 2776
28 2 39 34 86 85 : 3024
23 63 59 : 2968
23 36 86 : 3272
1 110 90 85 : 2776
86 23 39 : 3016
23 39 85 : 3016
93 2 59 36 34 85 : 2560
6 86 85 : 3102
23 93 59 36 34 86 : 2936
23 93 59 36 34 85 : 2936
28 2 63 : 2792
93 2 59 36 34 86 : 2560
23 63 59 90 34 : 2672
90 23 63 59 36 : 2568
6 90 86 : 2970
23 90 34 : 3080
6 90 85 : 3020
53 63 36 90 34 86 85 : 2736
76 63 59 34 : 2488
90 23 39 : 2720
36 23 93 : 3080
1 110 90 : 2776
39 23 93 : 2824
90 23 36 : 2976
34 23 93 : 3184
76 34 86 85 : 4384
63 59 39 : 3064
53 59 36 90 34 86 85 : 2736
63 59 34 : 3964
63 59 36 : 3680
28 2 39 34 86 : 3024
23 93 2 59 39 36 34 86 85 : 2464
28 2 39 34 85 : 3024
34 2 63 36 : 2560
23 93 59 36 90 34 : 2832
63 36 90 34 86 : 3696
34 2 63 39 : 2992
36 2 63 39 : 2656
63 36 90 34 85 : 3696
23 63 59 34 85 : 2968
86 23 63 59 34 : 2968
93 2 59 36 90 34 : 2528
85 23 63 90 86 : 2744
90 28 2 : 2880
67 63 59 86 : 2500
76 39 34 86 85 : 2824
59 39 90 86 : 2960
59 39 90 85 : 3152
67 63 59 85 : 2500
63 59 39 86 85 : 2872
23 63 59 39 86 : 2608
23 63 59 39 85 : 2608
85 23 63 59 36 : 2864
86 23 63 59 36 : 2864
86 23 59 : 3232
93 2 63 59 39 85 : 2536
23 59 85 : 3232
2 53 90 34 86 85 : 2592
6 34 86 85 : 3096
28 2 86 : 3216
28 2 85 : 3408
86 23 63 36 90 : 2640
93 36 90 34 86 85 : 3168
23 63 36 90 85 : 2640
94 90 34 85 : 2584
93 63 59 39 36 : 2608
94 90 34 86 : 2576
93 63 59 36 34 : 2864
23 63 85 : 3040
23 63 86 : 3040
90 23 59 : 2936
93 2 63 59 34 85 : 2536
93 2 63 59 36 85 : 2560
93 63 59 39 34 : 2488
59 23 93 : 3040
86 93 2 63 59 34 : 2536
28 2 39 90 34 : 2496
59 39 85 : 3592
86 76 63 90 34 : 2696
28 2 53 34 86 85 : 2496
59 36 86 : 4232
59 36 85 : 4424
76 63 90 34 85 : 2696
59 34 86 : 4984
59 34 85 : 4984
1 36 90 86 85 : 3696
59 36 90 86 : 3936
2 63 90 34 86 85 : 2840
76 63 59 85 : 2488
59 36 90 85 : 4128
76 63 59 86 : 2488
39 23 93 2 59 : 2464
36 23 93 2 59 : 2464
34 23 93 2 59 : 2560
93 59 39 36 34 86 : 2680
28 86 85 : 3328
93 59 39 36 34 85 : 2680
59 39 36 34 : 2872
59 36 86 85 : 4232
90 59 39 : 3152
93 39 90 86 85 : 2720
34 59 90 : 4544
2 76 34 85 : 2704
2 76 34 86 : 2704
3 34 85 : 3602
1 24 36 34 85 : 3170
59 36 90 : 4128
1 24 36 34 86 : 3170
3 36 85 : 3016
86 3 34 : 3602
2 76 39 85 : 2464
28 90 86 : 2728
2 76 39 86 : 2464
28 90 85 : 2928
3 36 86 : 2968
3 39 85 : 2632
3 39 86 : 2584
6 90 86 85 : 2970
86 59 39 : 3400
63 59 36 90 34 86 85 : 3192
2 63 39 36 34 85 : 2464
2 63 39 36 34 86 : 2464
28 59 39 34 : 2552
34 63 59 39 90 : 2504
23 93 63 39 36 34 86 : 2488
6 36 90 34 85 : 2520
6 36 90 34 86 : 2520
90 63 59 39 36 : 2504
23 93 63 39 36 34 85 : 2488
76 63 34 86 : 3040
23 93 59 36 90 86 : 2832
76 63 34 85 : 3040
2 63 39 36 34 : 2464
23 93 59 36 90 85 : 2832
23 93 59 36 86 85 : 2936
23 93 2 59 90 34 86 : 2528
28 2 53 39 90 34 86 85 : 2496
53 63 36 34 86 85 : 2736
23 93 2 59 90 34 85 : 2528
34 76 63 90 : 2696
93 2 59 36 86 85 : 2560
93 2 36 90 34 86 85 : 2528
94 34 86 85 : 2768
86 63 59 39 34 : 2872
110 53 36 34 86 : 2736
63 59 39 36 85 : 2800
63 59 39 36 86 : 2608
110 53 36 34 85 : 2736
63 59 39 34 85 : 2872
86 110 36 90 34 : 3664
110 36 90 34 85 : 3664
93 2 59 36 90 85 : 2720
93 2 59 36 90 86 : 2528
23 93 2 39 86 : 2464
23 93 2 39 85 : 2464
56 39 36 34 86 85 : 3432
2 53 34 86 85 : 2592
110 53 36 90 34 : 2736
23 93 2 34 85 : 2560
93 63 59 34 85 : 3136
23 93 2 36 85 : 2464
2 53 39 34 86 85 : 2496
93 36 90 86 85 : 3168
86 23 93 2 34 : 2560
93 63 59 36 85 : 3056
93 63 59 34 86 : 3136
23 93 2 36 86 : 2464
93 39 90 34 85 : 2720
93 39 90 34 86 : 2720
93 63 39 36 34 : 2488
34 23 93 2 90 : 2528
28 53 39 90 34 86 85 : 2496
59 39 36 86 : 2872
93 63 59 39 86 : 2488
59 39 36 85 : 3064
93 63 59 39 85 : 2680
86 59 39 34 : 3400
59 39 34 85 : 3400
93 63 59 36 86 : 2864
93 63 59 39 90 : 2504
93 63 59 36 34 85 : 2864
93 63 59 36 34 86 : 2864
93 63 59 36 90 : 2952
34 93 63 59 90 : 2960
1 36 90 34 86 : 3696
23 63 90 34 86 : 2744
59 86 85 : 4984
1 36 90 34 85 : 3696
23 63 90 34 85 : 2744
59 39 90 34 : 2960
59 39 36 90 : 2768
28 63 39 86 85 : 2552
76 63 90 86 85 : 2696
85 23 93 2 59 : 2560
86 23 93 2 59 : 2560
86 76 63 90 : 2696
85 76 63 90 : 2696
28 2 63 39 34 : 2480
110 36 90 86 85 : 3664
3 39 90 : 2440
3 36 90 : 2920
85 93 36 90 34 : 3168
86 93 36 90 34 : 3168
3 90 34 : 3416
2 76 39 34 : 2464
90 23 93 2 59 : 2528
76 63 86 85 : 3040
39 90 86 : 4784
39 90 85 : 4976
2 63 39 36 34 86 85 : 2464
110 53 36 90 85 : 2736
85 63 59 39 34 86 : 2872
53 24 90 34 86 : 2496
53 24 90 34 85 : 2496
2 63 39 36 86 85 : 2464
63 59 39 36 34 : 2608
93 63 59 36 90 34 : 2760
110 53 36 86 85 : 2736
23 2 59 39 36 34 85 : 2656
90 34 86 85 : 7288
23 2 59 39 36 34 86 : 2656
28 63 39 : 2744
28 63 34 : 2680
93 2 90 34 86 : 2624
23 93 63 39 86 85 : 2488
28 59 39 : 2744
93 2 90 34 85 : 2624
39 86 85 : 5420
24 90 85 : 4408
93 39 36 34 86 85 : 2840
24 90 86 : 4208
28 59 34 85 : 2728
93 2 39 36 90 85 : 2624
28 59 34 86 : 2728
28 59 39 86 : 2552
28 59 39 85 : 2744
3 39 90 85 : 2440
23 93 59 90 86 : 2936
93 2 39 36 86 85 : 2480
53 63 34 86 85 : 3216
23 93 59 90 85 : 2936
28 53 39 : 2496
28 59 34 : 2728
28 53 34 : 2496
23 2 63 59 36 34 86 : 2464
24 86 85 : 4548
93 67 34 86 85 : 2608
23 2 63 59 36 34 85 : 2464
53 90 34 86 85 : 4608
3 39 86 85 : 2584
85 93 63 59 36 86 : 2864
85 23 93 59 39 90 : 2576
59 28 63 : 2596
93 2 59 36 90 86 85 : 2528
28 34 85 : 3336
34 6 36 : 2646
86 23 93 59 39 90 : 2576
86 28 34 : 3328
28 39 86 : 3096
93 39 36 86 85 : 2840
28 39 85 : 3288
23 93 59 39 86 85 : 2680
24 36 86 85 : 3348
93 39 36 90 85 : 2912
36 23 2 : 2656
93 39 36 90 86 : 2720
34 23 2 : 2752
2 63 59 39 36 85 : 2656
2 63 59 39 34 86 : 2728
53 63 90 34 86 85 : 3216
2 63 59 39 34 85 : 2728
39 23 2 : 2656
23 2 63 59 39 34 86 85 : 2464
2 63 59 39 36 86 : 2464
93 63 59 36 90 86 : 2760
93 63 59 36 90 85 : 2952
28 53 34 86 85 : 2496
93 2 59 90 34 85 : 2624
93 63 59 39 86 85 : 2488
39 90 86 85 : 4784
76 59 90 34 86 : 2936
76 59 90 34 85 : 2936
93 90 34 86 85 : 3368
2 59 36 34 86 85 : 2800
23 93 59 39 90 86 85 : 2576
24 90 86 85 : 4208
94 90 34 86 85 : 2576
28 59 86 : 2728
28 59 85 : 2920
23 59 36 90 34 86 85 : 2832
93 63 59 39 90 85 : 2504
28 53 86 : 2496
63 39 90 34 86 85 : 2768
28 53 85 : 2496
2 63 39 90 86 85 : 2624
28 59 86 85 : 2728
90 39 36 : 4208
39 90 34 : 4784
59 23 2 : 2752
76 67 90 86 : 3080
76 67 90 85 : 3080
85 10 90 34 86 : 3044
56 36 90 34 86 85 : 3408
93 2 59 90 34 86 : 2624
24 39 85 : 2596
28 59 90 85 : 2480
90 28 39 : 2688
23 59 39 36 86 85 : 2872
28 90 34 : 2736
23 2 59 39 36 86 85 : 2656
2 53 39 90 34 86 85 : 2496
24 36 90 86 : 3296
24 36 90 85 : 3488
34 28 63 39 : 2552
24 90 34 : 4216
24 36 90 : 3488
39 36 85 : 4556
23 93 63 39 34 86 : 2488
86 39 36 : 4364
23 93 63 39 34 85 : 2488
39 34 85 : 5402
23 93 63 39 36 86 : 2488
39 34 86 : 5402
23 93 63 39 36 85 : 2488
93 39 36 90 34 : 2720
23 59 39 36 90 86 : 2576
34 2 63 39 90 : 2624
23 59 39 36 90 85 : 2576
2 59 36 90 34 86 85 : 2576
23 63 59 36 90 34 86 85 : 2568
23 93 59 86 85 : 3040
23 93 59 36 34 86 85 : 2936
3 39 34 85 : 2578
2 63 39 34 85 : 2992
93 59 36 34 86 85 : 3128
23 2 63 59 36 86 85 : 2464
2 63 39 36 85 : 2656
63 36 90 34 86 85 : 3696
86 2 63 39 34 : 2992
2 63 39 36 86 : 2464
3 39 34 86 : 2578
76 39 34 86 : 2824
93 39 36 34 85 : 2840
116 56 90 86 85 : 2448
23 93 2 39 34 : 2464
93 39 36 34 86 : 2840
23 93 2 39 36 : 2464
28 63 86 : 2680
28 59 90 : 2480
23 93 2 36 34 : 2464
28 63 85 : 2872
76 39 34 85 : 2824
28 63 59 39 : 2480
76 67 86 85 : 3520
2 63 59 39 36 34 : 2464
28 53 90 : 2496
34 23 93 2 39 36 : 2464
23 2 90 86 85 : 2528
63 23 2 : 2560
2 39 90 34 85 : 3200
23 93 63 36 34 86 85 : 2744
2 39 90 34 86 : 3200
90 23 59 39 36 : 2576
23 93 63 59 36 34 85 : 2672
23 59 39 90 34 : 2576
23 93 63 59 36 34 86 : 2672
2 76 34 : 2704
23 2 59 90 34 : 2528
23 2 90 34 85 : 2528
86 23 2 90 34 : 2528
1 90 34 86 : 3800
1 90 34 85 : 3808
53 63 90 34 85 : 3216
28 53 39 90 86 85 : 2496
86 53 63 90 34 : 3216
76 67 59 85 : 2632
67 53 90 34 : 2592
23 59 39 36 34 85 : 2872
6 90 34 : 2972
86 23 59 39 36 34 : 2872
67 53 34 85 : 2592
2 76 39 : 2464
67 53 34 86 : 2592
90 6 36 : 2568
90 23 2 : 2528
53 24 90 34 86 85 : 2496
23 2 59 34 85 : 2752
23 2 59 36 85 : 2656
23 2 59 34 86 : 2752
23 2 59 36 34 85 : 2656
28 63 59 39 85 : 2480
23 2 59 36 34 86 : 2656
86 23 2 : 2752
23 2 85 : 2752
2 63 34 : 3208
23 59 39 36 85 : 2872
23 59 39 34 86 : 2872
2 63 36 : 2752
28 2 53 90 86 85 : 2496
23 59 39 36 86 : 2872
23 63 59 90 34 86 : 2672
23 59 39 34 85 : 2872
93 63 59 36 90 86 85 : 2760
39 2 67 : 2464
76 67 59 86 : 2632
23 63 59 90 34 85 : 2672
2 63 39 : 3184
23 59 39 36 90 34 : 2576
34 2 67 : 2752
86 6 34 : 3096
34 23 93 63 39 36 : 2488
6 34 85 : 3098
6 36 86 : 2652
59 90 34 86 85 : 4544
6 36 85 : 2700
23 2 59 36 86 : 2656
23 2 59 39 85 : 2656
86 23 2 59 39 : 2656
34 39 36 : 4346
28 53 90 34 86 : 2496
76 67 34 85 : 3520
76 67 34 86 : 3520
23 93 59 39 90 : 2576
34 2 53 : 2592
2 59 34 : 3448
86 93 2 39 36 34 : 2480
39 2 53 : 2496
23 93 39 90 86 85 : 2720
94 90 86 85 : 2576
23 93 59 36 90 : 2832
86 28 63 34 : 2680
23 93 59 90 34 : 2936
93 2 39 36 34 85 : 2480
76 39 86 85 : 2824
2 59 36 : 2992
28 63 39 85 : 2744
28 63 39 86 : 2552
63 34 86 85 : 4744
2 59 39 : 3376
23 93 2 90 34 86 85 : 2528
28 63 34 85 : 2680
23 63 59 90 34 86 85 : 2672
76 67 90 34 : 3080
23 93 59 39 86 : 2680
23 93 59 39 85 : 2680
93 59 36 90 34 85 : 3024
86 93 59 36 90 34 : 3024
23 93 59 36 85 : 2936
23 93 59 34 86 : 3040
23 93 59 36 86 : 2936
23 93 59 34 85 : 3040
28 53 90 34 85 : 2496
110 24 36 90 86 85 : 2528
93 2 63 59 39 36 : 2464
23 2 59 39 86 85 : 2656
67 34 86 85 : 4464
63 86 85 : 4744
67 53 86 85 : 2592
28 2 53 90 34 86 : 2496
28 2 53 90 34 85 : 2496
76 36 90 34 86 85 : 2928
23 93 59 36 34 : 2936
93 63 39 34 86 85 : 2632
23 2 59 86 85 : 2752
23 93 59 39 36 : 2680
2 39 90 86 85 : 3200
93 36 86 85 : 3288
23 93 59 39 34 : 2680
76 59 90 86 85 : 2936
76 67 59 34 : 2632
2 39 36 : 2864
2 39 34 : 3728
2 36 34 : 2816
28 63 59 85 : 2596
67 53 90 86 : 2592
67 53 90 85 : 2592
2 63 39 86 85 : 2992
1 90 86 85 : 3800
93 2 90 86 85 : 2624
23 2 63 34 86 85 : 2560
93 36 90 86 : 3168
93 36 90 85 : 3360
2 63 39 90 85 : 2816
86 2 63 39 90 : 2624
23 59 39 36 34 : 2872
93 59 39 90 34 86 85 : 2576
24 36 90 34 : 3296
93 63 59 39 36 85 : 2608
93 63 59 39 34 86 : 2488
93 63 59 39 34 85 : 2488
39 90 34 86 : 4784
34 28 39 : 3096
39 90 34 85 : 4784
23 2 59 36 86 85 : 2656
23 93 39 34 86 85 : 2824
85 23 2 59 39 34 : 2656
86 23 2 59 39 34 : 2656
23 2 59 39 36 85 : 2656
86 23 2 59 39 36 : 2656
85 38 90 34 86 : 2504
110 24 36 90 34 85 : 2528
23 63 59 90 86 85 : 2672
23 93 59 90 34 85 : 2936
110 24 36 90 34 86 : 2528
86 23 93 59 90 34 : 2936
34 23 93 63 59 36 90 : 2568
63 90 86 : 4304
23 2 59 90 85 : 2528
23 2 59 90 86 : 2528
85 28 53 39 90 34 : 2496
53 63 90 86 85 : 3216
86 28 53 39 90 34 : 2496
93 63 59 39 36 90 : 2504
94 24 34 : 2584
63 90 85 : 4496
24 36 34 85 : 3330
116 36 90 34 86 : 2912
24 36 34 86 : 3330
67 63 59 86 85 : 2500
116 36 90 34 85 : 2912
23 93 63 36 90 34 86 85 : 2640
93 59 36 90 86 85 : 3024
28 63 86 85 : 2680
86 23 93 59 39 90 34 : 2576
23 93 59 39 90 34 85 : 2576
2 76 34 86 85 : 2704
2 36 34 86 : 2816
36 93 63 : 3128
34 93 63 : 3280
93 2 63 59 36 90 85 : 2528
2 36 34 85 : 2816
110 53 34 85 : 2832
110 53 34 86 : 2832
85 110 53 36 : 2736
93 39 36 86 : 2840
34 93 67 : 2608
86 110 53 36 : 2736
93 63 39 : 2824
93 39 36 85 : 3032
93 39 34 86 : 3128
93 39 34 85 : 3128
10 34 85 : 3226
85 116 56 34 86 : 2456
93 59 34 86 85 : 3472
38 34 86 85 : 2504
85 93 63 90 : 3224
34 2 67 39 : 2464
86 93 63 90 : 3032
34 110 24 36 90 : 2528
34 23 2 59 39 : 2656
34 23 2 59 36 : 2656
34 93 59 : 3472
94 24 90 : 2584
36 23 2 59 39 : 2656
36 93 59 : 3320
2 36 90 34 : 2576
93 39 90 34 : 2720
86 23 39 36 90 34 : 2720
94 24 85 : 2584
34 110 53 90 : 2832
39 93 59 : 3016
94 24 86 : 2576
90 93 39 36 : 2912
23 39 36 90 34 85 : 2720
67 90 34 86 : 3976
67 90 34 85 : 3976
90 110 53 36 : 2736
23 93 2 90 34 86 : 2528
23 93 2 90 34 85 : 2528
53 39 86 85 : 2784
23 93 86 85 : 3184
85 10 36 34 86 : 3190
28 2 63 34 86 85 : 2600
34 23 2 59 39 36 : 2656
85 59 39 36 34 : 2872
23 93 90 85 : 3080
34 23 59 36 : 3128
86 59 39 36 34 : 2872
86 53 63 36 90 : 2736
23 2 63 59 36 34 86 85 : 2464
85 53 63 36 90 : 2736
23 59 39 36 : 2872
24 94 53 : 2496
23 93 90 86 : 3080
23 59 39 34 : 2872
1 110 24 36 90 34 86 85 : 2456
110 53 90 86 85 : 2832
93 63 36 86 85 : 2936
59 39 36 90 34 85 : 2576
59 39 36 90 34 86 : 2576
34 93 39 : 3128
36 93 39 : 3032
86 93 2 36 90 : 2528
93 36 34 : 3288
93 2 36 90 85 : 2720
59 36 90 34 85 : 3936
59 36 90 34 86 : 3936
93 63 86 85 : 3280
34 94 53 : 2496
93 2 36 86 85 : 2576
93 2 39 36 34 : 2480
116 : 3148
117 : 1144
116 56 34 86 : 2456
114 : 2148
115 : 292
90 94 53 : 2496
112 : 340
116 56 34 85 : 2456
113 : 368
110 : 4040
23 59 90 34 85 : 2936
28 59 39 34 85 : 2552
111 : 1712
23 59 90 34 86 : 2936
86 28 59 39 34 : 2552
67 36 90 34 85 : 2960
85 76 67 34 86 : 3520
67 36 90 34 86 : 2960
86 110 24 36 90 : 2528
85 110 24 36 90 : 2624
23 2 63 39 36 34 86 85 : 2464
118 : 192
119 : 831
28 2 59 34 86 85 : 2648
36 90 34 86 85 : 6272
93 63 59 85 : 3328
28 2 53 39 34 86 85 : 2496
93 63 59 86 : 3136
24 90 34 86 85 : 4208
10 36 34 : 3190
86 94 53 : 2496
94 53 85 : 2496
2 67 34 85 : 2752
110 24 36 86 85 : 2528
90 23 59 39 : 2576
39 36 90 34 86 85 : 4016
23 59 90 34 : 2936
90 23 59 36 : 2832
110 90 34 86 85 : 3856
2 63 59 39 34 86 85 : 2728
110 90 34 85 : 3856
2 67 39 85 : 2464
86 2 67 39 : 2464
23 39 36 90 34 86 85 : 2720
23 59 39 85 : 2872
86 110 90 34 : 3856
23 59 39 86 : 2872
2 67 34 86 : 2752
93 63 59 90 : 3152
110 53 86 85 : 2832
59 39 36 90 86 85 : 2576
23 59 34 85 : 3232
56 39 36 90 34 86 85 : 3312
23 59 36 86 : 3128
23 59 36 85 : 3128
23 63 36 90 86 85 : 2640
94 90 34 : 2584
23 59 34 86 : 3232
36 2 63 59 39 : 2656
53 39 90 34 : 2784
93 63 36 34 85 : 2936
86 110 53 90 34 : 2832
86 93 63 36 34 : 2936
110 53 90 34 85 : 2832
34 86 85 : 7906
34 2 63 59 36 : 2560
85 110 53 90 : 2832
1 110 : 2848
86 110 53 90 : 2832
110 24 90 86 85 : 2624
2 63 59 39 34 : 2728
23 93 90 86 85 : 3080
94 34 85 : 2776
93 2 39 34 86 : 2768
93 2 39 34 85 : 2768
2 63 59 90 34 85 : 2636
93 2 39 36 86 : 2480
86 2 63 59 90 34 : 2636
93 63 34 85 : 3280
23 39 36 90 86 85 : 2720
93 2 39 36 85 : 2672
85 59 36 90 86 : 3936
93 63 34 86 : 3280
93 63 36 85 : 3128
93 63 36 86 : 2936
86 94 34 : 2768
93 90 34 85 : 3368
93 90 34 86 : 3368
93 63 39 86 : 2632
93 63 39 85 : 2824
23 93 63 59 34 86 85 : 2776
23 93 2 34 86 85 : 2560
53 39 34 85 : 2784
34 93 63 36 90 : 2832
93 39 36 34 : 2840
53 39 34 86 : 2784
2 63 59 90 34 86 85 : 2636
67 59 36 34 : 2552
36 56 39 : 3432
86 93 63 39 36 34 : 2488
93 63 39 36 34 85 : 2488
93 63 36 90 : 3024
34 93 63 90 : 3032
93 63 39 90 : 2576
56 36 34 : 3528
1 24 36 90 34 86 85 : 3152
116 56 90 34 : 2448
34 56 39 : 3432
93 2 90 34 86 85 : 2624
23 2 63 59 39 86 85 : 2464
56 36 86 : 3528
23 93 63 59 36 34 86 85 : 2672
23 93 39 86 85 : 2824
85 56 39 : 3432
86 56 39 : 3432
53 63 36 34 86 : 2736
53 63 36 34 85 : 2736
76 90 34 86 85 : 3896
56 90 34 : 3656
63 36 86 85 : 3992
93 63 59 39 : 2680
90 56 39 : 3312
93 63 59 36 : 3056
93 63 59 34 : 3136
90 56 36 : 3408
23 93 2 39 34 86 : 2464
93 2 39 36 90 : 2624
23 93 2 39 36 85 : 2464
86 23 93 2 39 36 : 2464
23 93 63 59 90 34 86 85 : 2672
34 53 63 36 90 : 2736
23 93 2 39 34 85 : 2464
59 39 90 34 86 85 : 2960
116 56 90 34 85 : 2448
116 56 90 34 86 : 2448
23 59 39 36 34 86 85 : 2872
23 93 2 39 36 34 86 85 : 2464
76 67 59 34 86 85 : 2632
2 63 34 86 85 : 3208
93 39 90 85 : 2912
93 39 90 86 : 2720
116 56 90 85 : 2448
116 56 90 86 : 2448
23 93 63 90 34 86 85 : 2744
67 90 86 85 : 3976
10 90 86 : 3044
1 24 36 90 86 85 : 3152
10 90 85 : 3052
3 36 90 86 85 : 2872
2 36 90 86 : 2576
93 63 36 34 : 2936
2 63 59 39 86 85 : 2728
93 63 39 36 : 2680
93 2 59 39 36 90 : 2624
93 63 39 34 : 2632
2 36 90 85 : 2768
93 2 59 39 36 85 : 2656
93 2 59 39 36 86 : 2464
93 2 59 39 34 85 : 2608
94 86 85 : 2768
59 39 36 34 86 85 : 2872
93 2 59 39 34 86 : 2608
23 93 59 39 36 34 : 2680
86 2 63 59 34 : 2932
93 90 86 85 : 3368
2 63 59 36 85 : 2752
2 63 59 34 85 : 2932
2 63 59 39 85 : 2920
2 63 59 39 86 : 2728
63 36 90 86 : 3696
86 2 63 59 36 : 2560
63 36 90 85 : 3888
28 53 39 90 34 : 2496
2 63 59 39 90 85 : 2624
23 93 39 36 90 86 85 : 2720
10 86 85 : 3236
94 90 86 : 2576
94 90 85 : 2584
2 39 36 34 86 85 : 2672
116 56 86 85 : 2456
34 2 63 59 90 : 2636
56 36 85 : 3528
56 34 86 : 3776
56 34 85 : 3776
93 2 59 36 34 86 85 : 2560
23 93 59 39 36 85 : 2680
23 93 2 39 34 86 85 : 2464
86 23 93 59 39 34 : 2680
23 93 59 39 36 86 : 2680
23 93 59 39 34 85 : 2680
90 2 63 59 39 : 2624
93 2 59 39 36 34 : 2464
90 2 63 59 36 : 2528
23 93 39 36 90 34 85 : 2720
23 93 39 36 90 34 86 : 2720
93 2 63 59 39 36 85 : 2464
85 56 86 : 3776
63 36 90 34 : 3696
34 23 93 59 39 90 : 2576
23 93 59 39 36 90 : 2576
90 116 56 : 2448
23 39 36 34 86 85 : 3016
93 39 86 85 : 3128
93 2 39 86 85 : 2768
85 53 63 36 86 : 2736
63 36 34 86 : 3992
63 36 34 85 : 3992
23 2 63 59 39 34 86 : 2464
93 2 39 90 85 : 2624
23 2 63 59 39 34 85 : 2464
23 2 63 59 39 36 86 : 2464
23 2 63 59 39 36 85 : 2464
2 36 86 85 : 2816
56 90 86 : 3656
23 2 39 36 34 86 85 : 2656
56 90 85 : 3656
28 2 53 90 34 86 85 : 2496
116 90 86 : 3104
110 90 86 85 : 3856
116 90 85 : 3104
28 53 39 90 85 : 2496
28 53 39 90 86 : 2496
23 93 2 39 86 85 : 2464
110 24 36 34 85 : 2528
110 24 36 34 86 : 2528
116 86 85 : 3148
24 90 34 85 : 4216
28 53 39 86 85 : 2496
24 90 34 86 : 4208
23 93 39 90 85 : 2720
56 34 86 85 : 3776
2 59 90 34 86 85 : 3080
86 23 93 39 90 : 2720
10 34 86 : 3218
23 2 90 34 86 85 : 2528
85 23 59 39 36 90 34 86 : 2576
10 36 85 : 3208
10 36 86 : 3208
28 53 90 85 : 2496
86 28 53 90 : 2496
116 56 90 34 86 85 : 2448
28 53 86 85 : 2496
86 3 36 90 34 : 2872
10 90 34 : 3052
10 36 90 : 3016
3 36 90 34 85 : 2872
93 59 39 36 86 85 : 2680
93 2 59 39 90 85 : 2624
35 : 210
36 : 6812
33 : 36
34 : 7914
39 : 5612
37 : 1312
38 : 2512
2 28 : 3408
43 : 1492
23 2 63 59 86 : 2560
2 59 36 34 86 : 2800
42 : 752
2 59 36 34 85 : 2800
41 : 1048
40 : 408
23 2 63 59 39 36 34 85 : 2464
2 23 : 2752
23 2 63 59 39 36 34 86 : 2464
1 110 24 36 90 34 86 : 2456
1 24 : 3292
23 2 63 59 85 : 2560
1 110 24 36 90 34 85 : 2456
23 93 59 39 34 86 85 : 2680
93 63 36 90 34 86 : 2832
116 90 34 86 85 : 3104
85 76 63 59 86 : 2488
85 2 63 59 90 : 2828
22 : 16
23 : 3376
24 : 4748
28 2 63 39 85 : 2672
25 : 256
28 2 63 39 86 : 2480
26 : 400
27 : 400
28 2 63 34 85 : 2600
28 : 3528
28 2 63 34 86 : 2600
86 2 63 59 90 : 2636
93 63 36 90 34 85 : 2832
23 93 2 59 39 34 86 85 : 2464
29 : 2160
2 63 59 86 85 : 2932
30 : 192
34 28 2 59 39 : 2480
32 : 576
59 39 90 86 85 : 2960
31 : 576
93 59 39 36 90 85 : 2768
93 59 39 36 90 86 : 2576
19 : 168
85 93 63 59 90 : 3152
17 : 1500
18 : 144
15 : 1040
16 : 1840
13 : 2284
14 : 1072
11 : 2321
86 93 63 59 90 : 2960
12 : 4
21 : 44
20 : 16
24 36 90 34 86 : 3296
24 36 90 34 85 : 3296
53 59 36 90 85 : 2736
53 59 36 90 86 : 2736
56 39 34 86 85 : 3432
93 63 39 36 86 : 2488
93 63 39 36 85 : 2680
93 63 59 86 85 : 3136
93 63 39 34 86 : 2632
93 63 39 34 85 : 2632
93 39 90 34 86 85 : 2720
67 63 90 34 86 85 : 2720
10 : 3244
28 53 90 34 86 85 : 2496
110 53 34 86 85 : 2832
2 63 59 34 86 85 : 2932
23 63 59 36 : 2864
23 63 59 34 : 2968
23 2 63 86 85 : 2560
85 53 59 36 86 : 2736
23 63 59 39 : 2608
52 39 34 86 85 : 2618
63 39 34 86 85 : 3208
79 : 432
76 63 59 34 85 : 2488
78 : 576
76 63 59 34 86 : 2488
77 : 1872
23 2 63 59 39 : 2464
1 24 36 90 34 86 : 3152
93 63 36 90 86 85 : 2832
93 63 39 36 90 : 2576
1 24 36 90 34 85 : 3152
28 2 63 86 85 : 2600
2 63 : 3400
85 23 93 63 39 36 34 86 : 2488
93 59 39 36 90 34 : 2576
23 59 34 86 85 : 3232
67 2 : 2752
23 93 2 59 34 86 85 : 2560
82 : 24
83 : 192
80 : 512
81 : 96
86 : 7924
87 : 96
56 90 86 85 : 3656
76 36 34 85 : 3128
84 : 36
85 : 8124
76 36 34 86 : 3128
67 : 4464
23 63 59 36 90 34 : 2568
66 : 2304
69 : 1872
53 63 59 90 34 86 85 : 2520
68 : 576
93 63 36 34 86 85 : 2936
23 93 36 34 : 3080
28 53 39 34 86 : 2496
34 23 93 39 : 2824
28 53 39 34 85 : 2496
2 53 : 2592
36 23 93 39 : 2824
36 23 63 39 : 2680
23 59 39 36 90 34 85 : 2576
34 23 63 39 : 2680
23 2 63 39 34 86 85 : 2464
2 59 : 3640
23 63 36 34 : 2936
24 36 90 86 85 : 3296
86 23 63 59 36 34 : 2864
70 : 448
71 : 432
72 : 96
23 59 39 36 90 34 86 : 2576
73 : 192
74 : 36
85 23 93 2 59 90 86 : 2528
23 63 59 36 34 85 : 2864
75 : 8
67 39 34 86 85 : 2824
76 : 4384
59 : 5176
58 : 2480
76 63 90 34 86 85 : 2696
57 : 192
56 : 3776
55 : 556
6 36 90 86 85 : 2520
23 2 63 34 86 : 2560
23 2 63 34 85 : 2560
86 23 2 63 36 : 2464
23 2 63 36 85 : 2464
64 : 600
23 2 63 39 85 : 2464
23 63 34 86 85 : 3040
65 : 284
62 : 24
63 : 4936
23 2 63 39 86 : 2464
60 : 552
61 : 2372
49 : 24
48 : 1728
3 39 34 : 2578
67 59 36 34 86 85 : 2552
93 2 59 39 86 85 : 2608
45 : 732
3 36 34 : 2962
44 : 1202
28 2 63 59 85 : 2516
67 53 90 34 86 85 : 2592
47 : 96
46 : 492
59 36 34 : 4232
53 59 36 34 86 : 2736
34 59 39 : 3400
53 59 36 34 85 : 2736
36 59 39 : 3064
86 23 2 36 34 : 2656
56 39 90 34 85 : 3312
85 23 2 36 34 : 2656
56 39 90 34 86 : 3312
3 34 : 3602
1 36 : 3804
53 59 36 90 34 : 2736
2 36 : 3008
3 36 : 3016
6 34 : 3098
76 36 90 34 : 2928
1 34 : 3898
2 34 : 4016
51 : 64
52 : 3516
53 : 4608
23 90 86 85 : 3080
54 : 1120
1 110 24 36 90 86 85 : 2456
2 39 : 3920
6 36 : 2700
3 39 : 2632
50 : 86
110 53 36 34 86 85 : 2736
23 93 59 39 90 34 86 85 : 2576
90 23 93 : 3080
93 34 86 85 : 3776
23 93 63 39 : 2488
23 90 34 86 85 : 3080
1 24 36 34 86 85 : 3170
93 63 39 86 85 : 2632
23 59 90 86 85 : 2936
23 93 2 59 90 34 86 85 : 2528
23 63 36 90 34 86 : 2640
23 59 86 85 : 3232
67 36 90 86 85 : 2960
23 63 36 90 34 85 : 2640
23 93 63 36 : 2744
23 93 63 34 : 2848
67 59 90 34 : 2960
23 90 86 : 3080
23 2 63 39 34 : 2464
86 23 93 : 3184
23 2 63 39 36 : 2464
23 93 85 : 3184
23 90 85 : 3080
34 23 2 63 36 : 2464
23 93 59 39 36 34 86 85 : 2680
56 90 34 86 : 3656
56 90 34 85 : 3656
93 2 63 39 36 85 : 2464
2 39 36 34 85 : 2672
3 90 : 3464
2 39 36 34 86 : 2672
23 59 90 85 : 2936
23 59 90 86 : 2936
1 90 : 3808
2 90 : 3680
2 93 : 3152
53 59 34 86 85 : 3216
6 90 : 3020
93 63 39 90 85 : 2576
53 59 36 34 86 85 : 2736
23 36 90 34 86 85 : 2976
93 39 36 90 34 85 : 2720
93 39 36 90 34 86 : 2720
86 28 2 59 39 : 2480
6 36 34 86 85 : 2646
67 59 34 85 : 3304
28 2 59 34 86 : 2648
6 86 : 3102
23 86 85 : 3376
28 2 59 34 85 : 2648
93 59 36 34 : 3128
9 85 : 2556
85 28 2 59 39 : 2672
3 86 : 3608
67 59 36 86 : 2552
2 86 : 4016
34 93 59 39 : 2824
3 85 : 3656
67 59 36 85 : 2552
6 85 : 3152
86 67 59 34 : 3304
36 93 59 39 : 2872
1 85 : 3916
2 85 : 4208
1 86 : 3908
109 : 384
108 : 400
107 : 1248
106 : 48
23 93 63 36 34 85 : 2744
105 : 48
104 : 48
103 : 72
39 36 34 86 85 : 4346
99 : 1968
102 : 2388
23 63 86 85 : 3040
101 : 1632
100 : 48
98 : 1872
97 : 36
23 63 90 : 2744
96 : 48
95 : 1296
23 2 63 59 34 : 2560
94 : 2776
23 2 63 59 36 : 2464
28 34 86 85 : 3328
93 : 3968
92 : 36
63 23 93 : 2848
91 : 600
90 : 7488
76 36 90 34 86 : 2928
23 2 59 36 34 86 85 : 2656
39 23 93 59 : 2680
76 36 90 34 85 : 2928
63 90 34 86 : 4304
2 76 : 2704
63 90 34 85 : 4304
34 23 93 59 : 3040
36 23 93 59 : 2936
23 93 90 34 85 : 3080
23 93 90 34 86 : 3080
36 90 86 85 : 6272
23 63 90 85 : 2744
2 63 59 90 86 85 : 2636
23 63 90 86 : 2744
2 67 86 85 : 2752
88 : 96
89 : 8
53 39 90 86 : 2784
59 39 90 34 85 : 2960
53 39 90 85 : 2784
76 36 90 86 85 : 2928
59 39 90 34 86 : 2960
23 90 34 86 : 3080
23 90 34 85 : 3080
93 2 36 90 86 85 : 2528
23 63 59 86 : 2968
23 63 59 85 : 2968
67 59 90 86 : 2960
90 93 59 36 : 3216
90 93 59 39 : 2768
34 1 110 36 : 2800
67 59 90 85 : 2960
90 23 63 59 : 2672
34 93 59 90 : 3224
28 63 34 86 85 : 2680
86 23 93 59 : 3040
85 23 93 59 : 3040
39 36 90 86 85 : 4016
28 2 59 90 85 : 2472
67 59 86 85 : 3304
86 93 59 39 : 2824
93 59 39 85 : 3016
93 59 36 86 : 3128
85 23 39 90 86 : 2720
93 59 36 85 : 3320
93 59 34 86 : 3472
93 59 34 85 : 3472
23 93 63 90 : 2744
36 1 110 24 : 2456
23 2 63 59 39 36 86 85 : 2464
1 110 24 34 : 2504
23 93 63 85 : 2848
23 93 63 86 : 2848
90 23 93 59 : 2936
6 36 90 34 86 85 : 2520
86 23 63 39 : 2680
2 39 36 86 85 : 2672
23 93 2 90 86 85 : 2528
23 63 34 85 : 3040
23 63 34 86 : 3040
23 63 59 36 86 85 : 2864
23 93 90 34 : 3080
23 63 39 85 : 2680
23 63 36 85 : 2936
23 63 36 86 : 2936
23 93 36 85 : 3080
23 63 59 36 90 85 : 2568
23 93 34 86 : 3184
23 63 59 36 90 86 : 2568
23 93 34 85 : 3184
28 59 39 86 85 : 2552
23 63 36 90 : 2640
23 63 90 34 : 2744
23 63 59 39 36 34 86 85 : 2608
23 34 86 85 : 3376
28 39 34 86 85 : 3096
1 110 34 86 85 : 2848
86 23 93 39 : 2824
23 93 39 85 : 2824
36 90 34 85 : 6272
36 90 34 86 : 6272
23 93 63 59 : 2776
23 93 36 86 : 3080
2 39 36 90 85 : 2624
90 23 93 39 : 2720
59 36 34 86 85 : 4232
90 23 93 36 : 2976
76 36 34 86 85 : 3128
28 2 59 86 85 : 2648
2 59 39 36 34 86 85 : 2656
23 63 39 36 86 85 : 2680
28 2 63 34 : 2600
110 36 90 86 : 3664
86 52 36 90 34 : 2528
52 36 90 34 85 : 2528
110 36 90 85 : 3760
93 2 59 39 36 90 85 : 2624
23 39 36 90 86 : 2720
23 39 36 90 85 : 2720
63 59 86 85 : 3964
76 67 90 86 85 : 3080
28 2 63 39 : 2672
23 93 63 39 36 : 2488
116 36 34 85 : 2938
28 39 34 85 : 3096
24 36 34 86 85 : 3330
34 23 93 2 59 39 36 : 2464
86 28 39 34 : 3096
93 2 59 39 36 86 85 : 2464
116 36 34 86 : 2938
52 36 34 86 : 2858
34 23 93 63 36 : 2744
52 36 34 85 : 2858
23 93 63 39 34 : 2488
94 53 24 34 86 85 : 2496
28 90 34 86 85 : 2728
1 110 24 36 86 85 : 2456
34 28 2 53 : 2496
86 2 39 34 : 3728
23 39 36 86 85 : 3016
2 39 34 85 : 3728
86 2 39 36 : 2672
85 2 39 36 : 2864
28 2 59 34 : 2648
24 34 86 85 : 4530
39 28 2 53 : 2496
110 36 86 85 : 3752
67 59 90 34 86 85 : 2960
3 36 86 85 : 2968
1 110 24 36 90 85 : 2456
1 110 24 36 90 86 : 2456
28 2 59 39 : 2672
86 63 59 90 : 3596
85 63 59 90 : 3788
63 39 36 90 85 : 2576
85 52 39 36 : 2540
86 52 39 34 : 2618
52 39 34 85 : 2618
23 93 63 36 34 86 : 2744
3 36 90 85 : 2920
3 36 90 86 : 2872
23 93 59 34 86 85 : 3040
2 63 36 86 85 : 2560
52 36 90 34 86 85 : 2528
53 36 86 85 : 3744
23 93 63 59 34 : 2776
23 93 63 59 36 : 2672
23 93 39 36 34 85 : 2824
2 63 36 90 85 : 2528
23 93 39 36 34 86 : 2824
110 24 36 90 34 86 85 : 2528
1 36 90 34 86 85 : 3696
63 39 36 86 85 : 2680
23 59 39 34 86 85 : 2872
76 59 86 85 : 3280
23 93 63 36 90 34 : 2640
1 24 90 34 86 85 : 3248
23 93 2 59 36 34 : 2464
93 63 59 90 34 86 : 2960
93 63 59 90 34 85 : 2960
23 93 2 59 39 34 : 2464
86 23 63 59 36 90 34 : 2568
23 63 59 36 90 34 85 : 2568
53 36 90 86 : 3744
85 53 59 90 86 : 3216
2 59 39 36 34 : 2656
28 2 39 34 : 3024
116 36 90 34 : 2912
53 36 90 85 : 3744
23 93 2 59 39 36 : 2464
34 63 59 90 : 3596
86 3 36 34 : 2962
3 36 34 85 : 2962
90 63 59 36 : 3384
28 2 59 85 : 2840
28 2 59 86 : 2648
90 63 59 39 : 2696
86 28 2 53 : 2496
85 28 2 53 : 2496
23 2 63 59 39 36 34 86 85 : 2464
90 28 2 53 : 2496
34 2 39 36 : 2672
94 53 90 86 85 : 2496
1 36 86 85 : 3804
86 23 93 36 34 : 3080
28 2 90 86 85 : 2688
85 23 93 36 34 : 3080
3 36 90 34 : 2872
85 63 59 36 34 86 : 3488
76 67 90 34 85 : 3080
110 36 90 34 : 3664
76 59 90 85 : 2936
3 36 34 86 85 : 2962
76 67 90 34 86 : 3080
28 2 39 90 : 2688
23 39 36 90 34 : 2720
53 36 34 86 : 3744
53 36 34 85 : 3744
34 28 2 90 : 2688
23 93 59 36 90 34 85 : 2832
23 39 36 34 86 : 3016
76 59 90 86 : 2936
23 39 36 34 85 : 3016
93 59 90 34 85 : 3224
93 76 34 85 : 2608
86 93 59 90 34 : 3224
93 76 34 86 : 2608
39 90 34 86 85 : 4784
93 2 59 36 90 34 86 85 : 2528
110 36 34 85 : 3752
28 2 63 59 : 2516
53 36 90 34 : 3744
116 86 : 3148
28 2 39 85 : 3216
116 85 : 3148
28 2 39 86 : 3024
2 76 39 34 86 85 : 2464
28 90 86 85 : 2728
110 36 34 86 : 3752
85 38 90 34 : 2512
86 38 90 34 : 2504
23 59 36 86 85 : 3128
28 2 34 85 : 3216
28 2 34 86 : 3216
23 93 63 36 86 85 : 2744
52 90 86 : 2680
23 93 59 36 90 34 86 : 2832
63 59 36 86 85 : 3488
110 86 : 3944
110 85 : 4040
52 90 85 : 2880
3 90 34 86 85 : 3416
63 59 34 85 : 3964
23 93 36 90 34 : 2976
86 2 63 36 34 : 2560
23 63 59 39 34 85 : 2608
2 63 36 34 85 : 2560
23 63 59 39 34 86 : 2608
23 93 63 59 36 90 86 85 : 2568
23 63 59 39 36 85 : 2608
23 59 36 90 85 : 2832
86 23 63 59 39 36 : 2608
23 59 36 90 86 : 2832
86 63 59 39 : 2872
63 59 39 85 : 3064
86 63 59 36 : 3488
63 59 36 85 : 3680
52 39 86 85 : 2636
52 36 90 86 85 : 2528
63 59 34 86 : 3964
10 90 34 85 : 3052
1 36 90 86 : 3696
10 90 34 86 : 3044
1 36 90 85 : 3696
76 59 36 86 85 : 2552
110 90 : 3952
63 39 36 34 85 : 2680
63 39 36 34 86 : 2680
52 86 85 : 3316
23 93 63 36 90 85 : 2640
116 90 : 3104
23 93 63 36 90 86 : 2640
86 63 59 36 90 : 3192
23 2 63 36 34 85 : 2464
63 59 36 90 85 : 3384
23 2 63 36 34 86 : 2464
2 59 39 36 86 : 2656
2 59 39 36 85 : 2848
2 59 39 34 86 : 3184
2 59 39 34 85 : 3184
93 76 34 86 85 : 2608
2 59 39 90 34 86 : 2816
2 59 39 90 34 85 : 2816
85 2 36 34 86 : 2816
1 110 24 36 34 86 85 : 2456
2 59 36 90 34 : 2576
93 59 90 86 85 : 3224
2 76 39 34 86 : 2464
2 76 39 34 85 : 2464
93 2 59 90 86 : 2624
93 2 59 90 85 : 2816
86 23 93 2 59 90 : 2528
85 23 93 2 59 90 : 2528
2 59 39 90 34 : 2816
2 59 39 36 90 : 2624
110 53 36 90 34 86 85 : 2736
59 39 36 90 34 86 85 : 2576
23 93 39 36 86 85 : 2824
23 2 39 34 : 2656
23 2 39 36 : 2656
23 59 36 34 86 : 3128
23 59 36 34 85 : 3128
23 2 36 34 : 2656
28 53 39 34 : 2496
23 93 39 36 90 86 : 2720
23 93 39 36 90 85 : 2720
23 93 2 59 86 85 : 2560
28 90 34 86 : 2728
93 2 59 86 85 : 2800
28 90 34 85 : 2736
2 59 36 90 34 86 : 2576
23 2 63 36 86 85 : 2464
2 59 36 90 34 85 : 2576
86 93 63 90 34 : 3032
85 93 63 90 34 : 3032
93 63 59 36 90 34 86 85 : 2760
28 39 90 85 : 2688
110 24 86 85 : 2624
28 39 90 86 : 2496
90 86 85 : 7288
53 36 34 86 85 : 3744
86 110 53 36 90 34 : 2736
85 110 53 36 90 34 : 2736
2 59 39 34 86 85 : 3184
23 93 59 36 90 86 85 : 2832
34 63 59 36 : 3488
23 59 36 90 34 : 2832
52 36 90 85 : 2720
86 52 36 90 : 2528
6 36 90 34 : 2520
23 93 36 90 86 : 2976
23 93 36 90 85 : 2976
6 36 34 85 : 2646
53 90 34 86 : 4608
110 53 : 2832
23 36 90 86 85 : 2976
28 39 86 85 : 3096
53 90 34 85 : 4608
23 2 36 86 85 : 2656
23 2 39 36 86 85 : 2656
6 36 34 86 : 2646
56 39 90 86 85 : 3312
110 24 90 85 : 2720
110 24 90 86 : 2624
23 93 36 86 85 : 3080
1 110 24 36 34 85 : 2456
1 110 24 36 34 86 : 2456
52 36 86 85 : 2876
34 63 59 39 : 2872
36 63 59 39 : 2800
116 56 : 2456
93 2 63 36 90 85 : 2528
23 2 63 39 36 86 85 : 2464
110 86 85 : 3944
85 2 76 39 86 : 2464
1 110 24 36 90 34 : 2456
76 36 86 85 : 3128
110 24 : 2720
23 59 36 90 34 85 : 2832
34 23 63 59 39 36 : 2608
2 59 36 86 85 : 2800
85 23 93 59 39 36 90 34 86 : 2576
23 59 36 90 34 86 : 2832
2 59 39 86 85 : 3184
23 93 39 36 90 34 : 2720
93 2 59 39 36 34 85 : 2464
110 53 36 90 86 85 : 2736
93 2 59 39 36 34 86 : 2464
93 63 90 86 85 : 3032
93 2 59 39 36 34 86 85 : 2464
63 59 39 90 34 86 : 2504
85 110 90 : 3952
63 59 39 90 34 85 : 2504
86 110 90 : 3856
110 36 : 3848
94 53 90 34 86 85 : 2496
52 34 86 85 : 3298
2 59 36 90 85 : 2768
110 34 : 3944
93 2 59 39 90 : 2624
76 59 36 34 86 85 : 2552
116 34 : 3130
2 59 36 90 86 : 2576
93 2 59 36 90 : 2720
76 36 90 86 : 2928
76 36 90 85 : 2928
2 59 34 86 85 : 3448
93 2 59 90 34 : 2624
94 53 24 90 86 85 : 2496
116 36 : 2956
94 53 24 90 86 : 2496
94 53 24 90 34 86 85 : 2496
94 53 24 90 85 : 2496
23 93 36 34 86 85 : 3080
2 59 39 90 85 : 3008
2 59 39 90 86 : 2816
110 24 36 90 : 2624
23 36 90 34 85 : 2976
23 36 90 34 86 : 2976
110 24 90 34 : 2624
23 59 36 34 86 85 : 3128
23 59 90 34 86 85 : 2936
53 90 86 85 : 4608
34 23 93 2 59 90 : 2528
93 63 59 90 86 85 : 2960
28 53 34 86 : 2496
28 53 34 85 : 2496
23 93 2 59 34 85 : 2560
2 90 34 86 : 3488
2 90 34 85 : 3488
23 93 2 59 36 85 : 2464
23 93 2 59 34 86 : 2560
23 93 2 59 36 86 : 2464
28 53 39 86 : 2496
23 93 2 59 39 86 : 2464
23 93 2 59 39 85 : 2464
28 53 39 85 : 2496
93 2 59 39 34 86 85 : 2608
34 52 36 90 : 2528
2 59 36 90 86 85 : 2576
90 34 85 : 7296
28 39 90 34 85 : 2496
86 28 39 90 34 : 2496
90 34 86 : 7288
28 39 90 34 : 2496
94 53 90 34 86 : 2496
94 53 90 34 85 : 2496
53 63 59 34 86 85 : 2520
23 59 39 36 90 86 85 : 2576
28 53 39 90 : 2496
59 36 90 34 86 85 : 3936
23 63 59 36 90 86 85 : 2568
34 28 53 90 : 2496
23 63 39 36 34 85 : 2680
23 63 39 36 34 86 : 2680
86 67 36 : 3160
59 67 63 : 2500
67 39 86 : 2824
23 93 63 59 86 85 : 2776
67 39 85 : 2824
56 39 36 34 : 3432
93 34 85 : 3776
93 34 86 : 3776
93 36 85 : 3480
93 36 86 : 3288
59 93 63 : 3328
53 24 34 86 85 : 2496
85 93 39 : 3320
86 93 39 : 3128
86 53 63 59 90 : 2520
94 53 34 86 85 : 2496
93 2 36 34 85 : 2576
23 2 63 85 : 2560
53 63 59 90 85 : 2520
110 24 36 34 86 85 : 2528
67 90 34 : 3976
110 24 34 85 : 2624
23 93 59 39 36 90 34 : 2576
90 67 36 : 2960
86 110 53 : 2832
110 24 34 86 : 2624
110 24 36 85 : 2624
110 24 36 86 : 2528
23 2 59 90 : 2528
23 2 63 86 : 2560
110 53 85 : 2832
93 2 36 34 86 : 2576
93 90 34 : 3368
34 93 76 : 2608
28 59 34 86 85 : 2728
53 63 59 86 85 : 2520
34 93 2 36 90 : 2528
86 23 2 39 36 34 : 2656
85 23 2 39 36 34 : 2656
116 56 34 : 2456
28 2 59 39 86 85 : 2480
86 67 34 : 4464
67 36 85 : 3160
90 110 36 : 3760
23 2 59 86 : 2752
85 67 34 : 4464
34 110 90 : 3856
23 2 59 85 : 2752
2 53 39 90 34 86 : 2496
2 53 39 90 34 85 : 2496
93 59 85 : 3664
67 59 86 : 3304
2 90 86 85 : 3488
67 59 85 : 3304
23 59 36 90 86 85 : 2832
86 93 59 : 3472
86 93 63 36 90 : 2832
93 63 36 90 85 : 3024
39 34 86 85 : 5402
67 53 90 : 2592
63 59 36 90 34 86 : 3192
93 63 59 90 34 86 85 : 2960
23 2 90 34 : 2528
63 59 36 90 34 85 : 3192
24 36 86 : 3348
24 36 85 : 3540
24 34 86 : 4530
24 34 85 : 4538
67 63 85 : 3064
28 2 53 39 90 34 : 2496
90 67 59 : 2960
67 63 86 : 3064
93 63 39 36 86 85 : 2488
23 2 39 85 : 2656
90 93 39 : 2912
23 2 39 86 : 2656
90 93 36 : 3360
10 36 90 34 : 3016
56 39 36 90 34 86 : 3312
23 93 63 59 90 86 : 2672
56 39 36 90 34 85 : 3312
23 93 63 59 90 85 : 2672
76 53 90 34 85 : 2592
93 63 39 36 90 85 : 2576
76 53 90 34 86 : 2592
90 110 53 : 2832
23 2 36 85 : 2656
23 93 59 39 36 34 85 : 2680
28 2 53 39 34 86 : 2496
3 39 34 86 85 : 2578
23 2 34 86 : 2752
23 93 59 39 36 34 86 : 2680
28 2 53 39 34 85 : 2496
59 23 2 63 : 2560
23 2 36 86 : 2656
67 53 85 : 2592
67 53 86 : 2592
23 2 34 85 : 2752
116 36 34 : 2938
67 90 34 86 85 : 3976
34 23 93 63 59 90 : 2672
23 93 63 59 36 90 : 2568
86 93 76 : 2608
85 93 76 : 2608
23 93 63 59 36 86 : 2672
23 93 63 59 36 85 : 2672
67 86 85 : 4464
116 56 86 : 2456
67 63 34 86 85 : 3064
116 56 85 : 2456
76 53 90 86 85 : 2592
93 59 39 34 86 85 : 2824
23 2 63 39 : 2464
90 93 59 : 3416
93 63 86 : 3280
93 63 85 : 3472
110 24 36 34 : 2528
23 93 63 59 34 85 : 2776
2 36 90 34 86 85 : 2576
23 93 63 59 34 86 : 2776
36 110 53 : 2736
86 93 67 : 2608
85 93 67 : 2608
90 93 63 : 3224
34 110 53 : 2832
1 24 34 : 3274
34 23 2 63 : 2560
28 39 90 86 85 : 2496
36 23 2 63 : 2464
1 24 36 : 3188
67 63 90 : 2720
63 59 36 90 86 85 : 3192
90 116 36 : 2912
34 116 90 : 3104
1 110 24 86 85 : 2504
23 93 63 39 34 86 85 : 2488
86 110 36 : 3752
93 59 39 90 34 86 : 2576
23 2 59 39 : 2656
10 36 90 86 : 3016
110 36 85 : 3848
10 36 90 85 : 3016
3 90 86 85 : 3416
53 63 36 90 34 86 : 2736
23 2 59 36 : 2656
53 63 36 90 34 85 : 2736
24 36 34 : 3330
23 2 59 34 : 2752
93 59 39 90 34 85 : 2576
116 36 86 : 2956
90 110 24 : 2720
116 36 85 : 2956
23 2 63 39 36 34 85 : 2464
86 116 34 : 3130
85 28 2 59 39 34 : 2480
116 34 85 : 3130
86 28 2 59 39 34 : 2480
2 53 39 90 86 85 : 2496
110 34 85 : 3944
86 110 34 : 3944
23 93 39 90 34 86 85 : 2720
23 2 63 39 36 34 86 : 2464
116 36 34 86 85 : 2938
23 2 59 34 86 85 : 2752
1 110 24 90 85 : 2504
2 67 39 34 86 85 : 2464
86 110 24 : 2624
10 36 90 86 85 : 3016
85 10 36 86 : 3208
93 86 85 : 3776
94 53 24 90 34 86 : 2496
94 53 24 90 34 85 : 2496
1 110 24 90 86 : 2504
23 2 63 59 86 85 : 2560
93 90 85 : 3560
85 110 24 : 2720
93 90 86 : 3368
76 67 90 34 86 85 : 3080
63 59 39 90 86 85 : 2504
67 90 86 : 3976
67 90 85 : 3976
85 67 36 34 : 3160
23 59 39 86 85 : 2872
86 67 36 34 : 3160
23 2 63 59 39 86 : 2464
23 2 63 59 39 85 : 2464
23 2 63 59 36 86 : 2464
53 24 86 85 : 2496
23 2 63 59 36 85 : 2464
23 2 63 59 34 86 : 2560
23 2 63 59 34 85 : 2560
28 2 90 85 : 2880
86 28 2 90 : 2688
116 36 90 34 86 85 : 2912
28 2 86 85 : 3216
86 1 110 90 34 : 2776
36 110 24 : 2624
85 1 110 90 34 : 2776
34 110 24 : 2624
93 2 39 34 86 85 : 2768
2 63 39 34 86 85 : 2992
93 63 59 39 34 86 85 : 2488
52 90 34 85 : 2688
52 90 34 86 : 2680
67 36 90 34 : 2960
86 23 93 2 59 36 34 : 2464
76 53 90 34 86 85 : 2592
93 2 59 34 86 85 : 2800
23 93 2 59 36 34 85 : 2464
53 24 90 85 : 2496
86 53 24 90 : 2496
86 2 90 : 3488
2 90 85 : 3680
2 63 59 36 34 86 85 : 2560
1 110 24 34 85 : 2504
1 110 24 34 86 : 2504
1 110 24 36 85 : 2456
28 2 90 34 86 : 2688
36 34 86 85 : 6602
2 63 90 34 85 : 2840
23 93 39 36 90 : 2720
2 63 90 34 86 : 2840
2 86 85 : 4016
1 110 24 36 86 : 2456
28 2 90 34 85 : 2688
34 23 93 39 90 : 2720
52 36 90 : 2720
52 90 34 : 2688
1 36 34 : 3786
52 39 86 : 2636
52 39 85 : 2828
38 90 86 85 : 2504
52 36 86 : 2876
53 63 59 34 85 : 2520
52 36 85 : 3068
23 59 39 90 86 85 : 2576
52 34 86 : 3298
1 110 24 90 34 : 2504
52 34 85 : 3306
28 2 63 86 : 2600
28 2 59 90 : 2472
53 63 59 34 86 : 2520
28 2 63 85 : 2792
56 39 90 34 : 3312
59 39 36 90 34 : 2576
1 110 24 36 90 : 2456
90 56 39 36 : 3312
2 76 86 : 2704
2 76 85 : 2704
34 63 59 36 90 : 3192
85 10 90 86 : 3044
90 2 63 : 3032
94 24 90 34 86 85 : 2576
93 76 86 85 : 2608
56 39 34 85 : 3432
56 39 34 86 : 3432
56 39 36 85 : 3432
34 110 36 : 3752
56 39 36 86 : 3432
93 59 39 90 86 85 : 2576
53 63 36 90 86 85 : 2736
23 93 63 59 36 90 34 85 : 2568
23 93 63 59 36 90 34 86 : 2568
63 59 36 34 86 : 3488
23 93 39 36 86 : 2824
63 59 36 34 85 : 3488
23 93 2 59 39 86 85 : 2464
23 93 39 34 86 : 2824
3 90 34 86 : 3416
23 93 39 36 85 : 2824
3 90 34 85 : 3416
23 93 39 34 85 : 2824
34 53 24 90 : 2496
59 34 86 85 : 4984
67 53 34 : 2592
90 2 53 : 2592
23 93 2 59 36 86 85 : 2464
34 110 53 36 : 2736
93 63 39 36 34 86 85 : 2488
63 90 34 86 85 : 4304
23 93 2 59 39 36 85 : 2464
86 23 93 2 59 39 34 : 2464
2 67 85 : 2752
23 93 2 59 39 34 85 : 2464
86 2 67 : 2752
2 63 85 : 3400
2 59 90 : 3272
2 63 86 : 3208
86 23 93 2 59 39 36 : 2464
86 10 36 34 : 3190
85 10 36 34 : 3190
1 90 34 : 3808
23 93 39 36 34 : 2824
23 2 63 59 39 36 34 : 2464
90 1 36 : 3696
23 2 90 86 : 2528
23 2 63 59 39 34 : 2464
2 59 85 : 3640
23 2 90 85 : 2528
23 2 63 59 39 36 : 2464
56 39 90 85 : 3312
2 53 85 : 2592
67 36 86 85 : 3160
86 2 53 : 2592
23 2 63 59 36 34 : 2464
1 110 24 36 34 : 2456
2 67 39 34 85 : 2464
34 53 63 59 90 : 2520
1 24 90 86 : 3248
52 39 34 : 2618
52 39 36 : 2540
2 59 86 : 3448
56 39 90 86 : 3312
1 24 90 85 : 3256
34 67 36 : 3160
67 39 34 : 2824
2 67 39 34 86 : 2464
52 36 34 : 2858
67 36 90 86 : 2960
67 36 90 85 : 2960
34 2 90 : 3488
23 2 86 85 : 2752
52 90 34 86 85 : 2680
2 39 90 : 3392
2 36 90 : 2768
93 39 36 90 86 85 : 2720
56 39 36 90 86 85 : 3312
56 39 86 85 : 3432
116 36 86 85 : 2956
1 24 85 : 3292
110 24 90 34 86 : 2624
1 24 86 : 3284
110 24 90 34 85 : 2624
59 39 36 86 85 : 2872
67 63 34 : 3064
2 34 86 85 : 4016
23 2 59 39 36 34 86 85 : 2656
53 39 34 86 85 : 2784
23 63 59 39 34 86 85 : 2608
23 59 39 90 86 : 2576
1 36 86 : 3804
23 59 39 90 85 : 2576
2 34 85 : 4016
2 34 86 : 4016
93 2 39 36 34 86 85 : 2480
2 36 85 : 3008
59 2 63 : 3124
2 36 86 : 2816
53 59 90 34 85 : 3216
2 39 85 : 3920
59 39 36 90 86 : 2576
53 59 90 34 86 : 3216
2 39 86 : 3728
116 36 90 86 : 2912
59 39 36 90 85 : 2768
52 36 34 86 85 : 2858
2 63 90 86 85 : 2840
67 59 34 : 3304
1 34 85 : 3898
67 59 36 : 2552
1 34 86 : 3890
1 36 85 : 3804
23 93 63 59 36 90 34 86 85 : 2568
116 36 90 85 : 2912
90 1 24 : 3256
23 63 39 34 85 : 2680
23 63 39 34 86 : 2680
85 23 63 39 36 : 2680
86 23 63 39 36 : 2680
93 2 63 90 : 2624
23 93 39 36 90 34 86 85 : 2720
36 34 : 6602
56 36 90 86 85 : 3408
34 39 : 5402
34 38 : 2512
110 24 34 86 85 : 2624
93 2 63 59 90 : 2624
23 2 39 36 34 : 2656
2 63 59 39 36 34 86 85 : 2464
36 39 : 4556
53 24 34 85 : 2496
53 24 34 86 : 2496
53 63 36 34 : 2736
85 23 93 2 59 36 34 86 : 2464
34 94 53 90 : 2496
67 53 34 86 85 : 2592
76 67 59 34 85 : 2632
76 67 59 34 86 : 2632
67 63 90 34 86 : 2720
23 63 : 3040
52 34 : 3306
53 34 : 4608
63 59 90 34 86 : 3596
63 59 90 34 85 : 3596
110 24 90 34 86 85 : 2624
90 93 2 : 2816
93 2 86 85 : 2960
1 24 86 85 : 3284
67 63 90 34 85 : 2720
59 23 : 3232
94 53 34 85 : 2496
53 28 : 2496
28 53 90 86 85 : 2496
94 53 34 86 : 2496
23 93 36 90 34 86 : 2976
23 93 36 90 34 85 : 2976
24 53 : 2496
23 2 36 34 86 85 : 2656
1 110 24 90 34 86 85 : 2504
1 110 36 90 86 85 : 2728
110 36 34 86 85 : 3752
59 28 : 2920
94 53 24 90 : 2496
86 23 93 63 36 90 34 : 2640
23 59 39 90 34 85 : 2576
23 93 63 36 90 34 85 : 2640
23 59 39 90 34 86 : 2576
1 90 86 : 3800
67 36 90 34 86 85 : 2960
23 93 59 90 34 86 85 : 2936
1 90 85 : 3808
86 93 2 : 2960
93 2 85 : 3152
2 53 39 34 85 : 2496
86 2 53 39 34 : 2496
93 2 63 86 85 : 2608
93 2 59 85 : 2992
10 34 : 3226
93 2 59 86 : 2800
94 53 24 85 : 2496
94 53 24 86 : 2496
10 36 : 3208
85 53 59 36 90 86 : 2736
23 93 39 90 34 86 : 2720
23 93 39 90 34 85 : 2720
34 2 53 39 90 : 2496
53 63 59 34 : 2520
1 110 36 34 85 : 2800
86 1 110 36 34 : 2800
85 28 59 39 34 86 : 2552
56 90 34 86 85 : 3656
93 59 36 34 85 : 3128
93 59 36 34 86 : 3128
59 90 86 85 : 4544
2 59 36 86 : 2800
90 93 2 59 : 2816
93 2 63 86 : 2608
2 59 36 85 : 2992
93 2 63 85 : 2800
2 59 34 86 : 3448
93 63 34 86 85 : 3280
2 59 34 85 : 3448
1 86 85 : 3908
24 34 : 4538
23 34 : 3376
63 39 90 34 86 : 2768
34 28 2 53 39 : 2496
63 39 90 34 85 : 2768
2 59 39 86 : 3184
23 39 : 3016
34 28 : 3336
36 24 : 3540
76 63 34 86 85 : 3040
2 59 39 85 : 3376
36 23 : 3272
34 93 59 36 90 : 3024
24 39 : 2596
93 2 63 90 85 : 2624
28 2 63 39 34 86 85 : 2480
39 28 : 3288
1 24 36 85 : 3188
1 24 34 86 : 3266
1 24 34 85 : 3274
63 93 2 : 2800
53 63 34 85 : 3216
76 67 59 86 85 : 2632
23 36 34 86 : 3272
23 36 34 85 : 3272
93 2 39 86 : 2768
23 63 39 34 86 85 : 2680
110 34 86 85 : 3944
34 94 24 90 : 2584
93 2 34 86 : 2960
93 2 34 85 : 2960
93 2 36 86 : 2576
93 2 63 59 : 2728
93 2 36 85 : 2768
1 24 36 86 : 3188
93 2 39 85 : 2960
23 63 90 34 86 85 : 2744
1 24 36 90 : 3152
90 93 2 36 : 2720
93 2 63 39 85 : 2608
93 2 90 34 : 2624
53 63 90 34 : 3216
53 63 36 90 : 2736
1 24 90 34 : 3256
2 67 39 86 85 : 2464
23 93 63 90 86 85 : 2744
53 63 34 86 : 3216
23 93 2 86 : 2560
59 93 2 : 2992
53 63 36 85 : 2736
23 93 2 85 : 2560
53 63 36 86 : 2736
93 2 63 34 85 : 2608
23 36 90 34 : 2976
28 2 63 39 86 85 : 2480
93 2 63 36 85 : 2560
93 2 39 90 : 2624
93 2 63 34 86 : 2608
94 53 24 34 : 2496
34 28 2 53 90 : 2496
1 110 90 86 85 : 2776
93 59 36 86 85 : 3128
90 28 2 53 39 : 2496
86 93 59 36 90 : 3024
93 59 36 90 85 : 3216
28 2 53 39 90 34 86 : 2496
2 59 39 34 : 3184
28 2 53 39 90 34 85 : 2496
93 2 63 36 : 2560
2 59 39 36 : 2848
23 93 63 34 86 85 : 2848
93 2 63 36 90 : 2528
93 2 63 39 : 2608
23 93 2 59 39 36 86 85 : 2464
86 1 24 90 34 : 3248
23 93 2 90 : 2528
1 24 90 34 85 : 3256
2 59 36 34 : 2800
93 2 63 34 : 2608
93 2 63 59 85 : 2728
2 39 90 34 86 85 : 3200
93 2 63 59 86 : 2536
28 2 53 34 86 : 2496
28 2 53 34 85 : 2496
93 59 90 34 86 85 : 3224
28 2 53 39 86 : 2496
28 2 53 39 85 : 2496
34 93 2 : 2960
53 63 59 90 : 2520
67 63 59 34 86 : 2500
36 93 2 : 2768
67 63 59 34 85 : 2500
23 63 39 86 85 : 2680
52 90 86 85 : 2680
94 24 34 86 : 2576
53 63 59 85 : 2520
39 93 2 : 2960
53 63 59 86 : 2520
94 24 34 85 : 2584
56 36 34 85 : 3528
56 36 34 86 : 3528
94 24 86 85 : 2576
1 110 36 90 85 : 2728
1 110 36 90 86 : 2728
53 63 86 : 3216
90 53 59 : 3216
53 63 85 : 3216
93 63 : 3472
23 93 63 90 34 86 : 2744
90 63 : 4496
93 2 63 39 36 : 2464
23 93 63 90 34 85 : 2744
85 53 59 : 3216
85 76 : 4384
2 59 86 85 : 3448
85 67 53 90 86 : 2592
86 76 : 4384
2 63 39 90 34 86 85 : 2624
67 93 : 2608
86 53 59 : 3216
67 90 : 3976
93 2 59 90 34 86 85 : 2624
53 39 90 86 85 : 2784
23 93 2 39 36 34 86 : 2464
23 93 2 39 36 34 85 : 2464
93 2 59 34 : 2800
93 59 39 36 34 86 85 : 2680
28 2 34 86 85 : 3216
36 93 2 59 : 2752
1 110 36 86 85 : 2800
1 24 90 86 85 : 3248
93 2 59 39 : 2800
85 93 39 36 90 34 86 : 2720
85 23 93 63 59 90 86 : 2672
76 36 34 : 3128
90 76 : 3896
2 59 90 86 : 3080
2 59 90 85 : 3272
34 63 39 36 : 2680
76 53 34 86 85 : 2592
76 39 34 : 2824
23 63 59 34 86 85 : 2968
86 94 24 90 : 2576
93 76 : 2608
67 59 36 34 86 : 2552
94 24 90 85 : 2584
86 85 : 7924
67 59 36 34 85 : 2552
53 39 90 : 2784
59 76 : 3280
23 93 63 59 36 34 : 2672
90 53 36 : 3744
93 39 : 3320
53 90 34 : 4608
93 63 59 34 86 85 : 3136
93 2 63 59 39 : 2536
28 2 53 86 85 : 2496
53 39 86 : 2784
67 63 90 86 85 : 2720
52 85 : 3516
53 85 : 4608
52 86 : 3316
53 39 85 : 2784
53 36 85 : 3744
56 85 : 3776
53 36 86 : 3744
59 53 63 : 2520
56 86 : 3776
93 2 63 59 34 : 2536
53 86 : 4608
53 34 85 : 4608
63 76 : 3040
86 53 34 : 4608
93 2 63 59 36 : 2560
59 85 : 5176
1 24 36 34 : 3170
67 76 : 3520
58 85 : 2480
28 2 53 39 90 86 85 : 2496
59 86 : 4984
23 36 34 86 85 : 3272
90 53 24 : 2496
93 2 39 36 : 2672
86 94 53 90 : 2496
93 2 36 34 : 2576
2 67 34 86 85 : 2752
86 23 93 2 59 39 36 34 : 2464
23 63 39 36 34 86 85 : 2680
34 76 63 : 3040
23 93 2 59 39 36 34 85 : 2464
94 53 90 85 : 2496
93 2 39 34 : 2768
76 53 34 : 2592
85 23 93 2 36 86 : 2464
90 52 : 2880
90 53 : 4608
76 59 34 : 3280
56 90 : 3656
76 59 36 : 2552
94 53 : 2496
63 85 : 4936
23 2 39 34 85 : 2656
59 90 : 4736
63 86 : 4744
23 2 39 36 85 : 2656
53 24 85 : 2496
23 2 39 34 86 : 2656
85 23 93 59 39 36 90 86 : 2576
53 24 86 : 2496
67 85 : 4464
59 93 : 3664
53 36 90 86 85 : 3744
67 86 : 4464
23 2 39 36 86 : 2656
3 36 90 34 86 85 : 2872
93 59 39 36 90 34 86 85 : 2576
76 53 86 85 : 2592
23 93 63 59 90 34 85 : 2672
23 2 59 39 34 86 85 : 2656
23 93 63 59 90 34 86 : 2672
23 93 2 39 36 86 85 : 2464
94 53 86 85 : 2496
86 28 : 3328
39 76 : 2824
59 53 : 3216
36 76 : 3128
94 24 34 86 85 : 2576
28 85 : 3528
24 86 : 4548
53 39 90 34 85 : 2784
34 76 : 4384
85 28 2 59 39 34 86 : 2480
34 86 : 7906
53 39 90 34 86 : 2784
67 53 : 2592
93 59 39 36 90 34 86 : 2576
34 85 : 7914
2 59 39 90 : 3008
93 59 39 36 90 34 85 : 2576
2 59 36 90 : 2768
94 24 : 2584
90 28 : 2928
53 36 90 34 86 85 : 3744
24 36 90 34 86 85 : 3296
53 63 : 3216
93 23 : 3184
90 24 : 4408
63 59 90 86 85 : 3596
90 23 : 3080
34 2 59 90 : 3080
28 2 53 90 85 : 2496
28 2 53 90 86 : 2496
53 90 85 : 4608
53 90 86 : 4608
86 39 : 5420
63 59 39 90 34 86 85 : 2504
67 59 : 3304
28 2 53 39 86 85 : 2496
23 2 59 90 86 85 : 2528
1 110 36 90 34 : 2728
36 85 : 6812
36 86 : 6620
59 63 : 4156
85 38 : 2512
39 85 : 5612
86 38 : 2504
90 39 : 4976
53 76 : 2592
93 36 : 3480
94 34 : 2776
90 38 : 2512
67 63 : 3064
93 36 34 86 85 : 3288
34 23 63 39 36 : 2680
90 34 : 7296
93 34 : 3776
90 36 : 6464
59 39 : 3592
28 2 53 39 90 85 : 2496
28 2 53 39 90 86 : 2496
56 34 : 3776
86 1 110 36 90 34 : 2728
52 39 : 2828
63 28 : 2872
28 2 63 39 34 86 : 2480
36 52 : 3068
28 2 63 39 34 85 : 2480
53 86 85 : 4608
36 53 : 3744
1 110 36 90 34 85 : 2728
59 36 : 4424
56 39 : 3432
53 39 : 2784
56 36 : 3528
59 34 : 4984
86 53 36 90 34 : 3744
23 93 59 39 36 90 85 : 2576
85 53 36 90 34 : 3744
23 93 59 39 36 90 86 : 2576
23 2 39 86 85 : 2656
23 39 34 86 85 : 3016
34 63 : 4744
67 59 36 86 85 : 2552
63 39 90 86 85 : 2768
10 86 : 3236
10 85 : 3244
59 90 34 86 : 4544
23 93 2 36 34 85 : 2464
23 93 2 36 34 86 : 2464
59 90 34 85 : 4544
53 63 90 : 3216
93 2 59 90 86 85 : 2624
36 63 : 4184
53 59 36 90 34 85 : 2736
53 59 36 90 34 86 : 2736
76 53 90 86 : 2592
67 34 : 4464
76 53 90 85 : 2592
1 110 36 34 86 85 : 2800
63 39 : 3400
23 2 63 39 86 85 : 2464
67 36 : 3160
23 93 59 39 36 86 85 : 2680
67 39 : 2824
23 63 36 34 86 85 : 2936
86 10 36 90 34 : 3016
2 63 39 90 34 85 : 2624
86 2 63 39 90 34 : 2624
24 85 : 4748
23 86 : 3376
85 10 36 90 34 : 3016
23 85 : 3376
23 93 63 36 90 86 85 : 2640
10 90 : 3052
23 39 90 34 86 85 : 2720
76 67 86 : 3520
6 90 34 86 85 : 2970
53 59 90 85 : 3216
53 59 90 86 : 3216
93 59 39 36 90 86 85 : 2576
90 2 63 59 : 2828
1 110 24 34 86 85 : 2504
90 76 63 : 2696
76 67 90 : 3080
76 53 34 85 : 2592
93 2 59 34 85 : 2800
56 39 36 90 85 : 3312
93 2 59 34 86 : 2800
56 39 36 90 86 : 3312
34 1 24 36 90 : 3152
76 59 86 : 3280
2 53 90 34 85 : 2592
76 59 85 : 3280
2 53 90 34 86 : 2592
76 53 34 86 : 2592
94 53 24 86 85 : 2496
34 53 24 : 2496
1 110 24 : 2504
93 2 59 39 86 : 2608
93 2 59 39 85 : 2800
93 2 59 36 85 : 2752
93 2 59 36 86 : 2560
86 93 59 39 90 : 2576
93 59 39 90 85 : 2768
76 53 90 : 2592
56 36 34 86 85 : 3528
23 59 39 90 34 86 85 : 2576
76 63 85 : 3040
93 63 59 36 34 86 85 : 2864
76 59 90 : 2936
86 76 63 : 3040
85 63 36 34 86 : 3992
76 67 85 : 3520
76 53 90 34 : 2592
23 93 63 39 36 86 85 : 2488
6 36 90 86 : 2520
23 2 63 39 34 85 : 2464
23 2 63 39 34 86 : 2464
93 63 59 39 36 90 85 : 2504
2 63 86 85 : 3208
6 36 90 85 : 2568
56 39 36 86 85 : 3432
23 2 63 39 36 85 : 2464
63 39 86 85 : 3208
38 86 85 : 2504
23 2 63 39 36 86 : 2464
86 76 90 : 3896
63 59 34 86 85 : 3964
93 59 39 86 85 : 2824
76 90 85 : 3896
1 110 90 34 86 85 : 2776
56 36 86 85 : 3528
23 39 36 34 : 3016
93 67 86 85 : 2608
94 24 90 34 86 : 2576
94 24 90 34 85 : 2584
67 39 86 85 : 2824
86 38 90 : 2504
93 2 59 36 90 34 85 : 2528
2 23 93 : 2560
2 63 90 85 : 3032
93 2 59 36 90 34 86 : 2528
63 39 90 86 : 2768
2 63 90 86 : 2840
63 39 90 85 : 2960
85 38 90 : 2512
76 86 85 : 4384
85 2 90 34 86 : 3488
2 59 90 86 85 : 3080
56 36 90 85 : 3408
76 90 86 85 : 3896
56 36 90 86 : 3408
34 53 59 : 3216
93 2 59 36 34 : 2560
67 53 90 34 86 : 2592
93 2 59 39 34 : 2608
67 53 90 34 85 : 2592
67 39 34 85 : 2824
67 39 34 86 : 2824
1 24 34 86 85 : 3266
36 53 59 : 2736
1 24 36 90 85 : 3152
94 53 24 34 85 : 2496
1 24 36 90 86 : 3152
23 63 59 39 36 86 85 : 2608
76 34 85 : 4384
23 39 90 34 : 2720
93 2 59 39 36 : 2656
23 39 36 90 : 2720
93 2 63 59 34 86 85 : 2536
2 63 34 86 : 3208
85 2 63 36 : 2752
86 2 63 36 : 2560
63 39 34 86 : 3208
63 39 36 85 : 2872
53 63 34 : 3216
63 39 34 85 : 3208
53 63 36 : 2736
2 63 34 85 : 3208
23 93 59 39 36 90 34 85 : 2576
1 24 36 86 85 : 3188
63 39 36 86 : 2680
76 67 34 : 3520
94 53 24 90 34 : 2496
6 36 86 85 : 2652
2 63 39 85 : 3184
86 2 63 39 : 2992
93 63 90 34 86 85 : 3032
86 94 53 24 34 : 2496
86 23 93 59 39 36 90 34 : 2576
23 93 36 90 34 86 85 : 2976
90 2 63 39 : 2816
86 93 59 39 36 : 2680
85 93 59 39 36 : 2872
34 38 90 : 2512
28 39 90 34 86 85 : 2496
90 63 39 36 : 2576
53 36 34 : 3744
85 93 39 34 86 : 3128
23 93 34 86 85 : 3184
86 93 59 39 34 : 2824
93 2 63 34 86 85 : 2608
93 59 39 34 85 : 2824
53 39 34 : 2784
2 53 86 85 : 2592
2 63 59 39 36 86 85 : 2464
10 36 90 34 86 85 : 3016
94 24 90 86 85 : 2576
94 90 : 2584
67 63 86 85 : 3064
2 53 90 86 85 : 2592
93 90 : 3560
93 63 36 90 34 86 85 : 2832
34 56 36 90 : 3408
76 53 86 : 2592
76 53 85 : 2592
93 2 34 86 85 : 2960
34 93 59 39 90 : 2576
63 39 90 34 : 2768
2 63 59 36 34 85 : 2560
90 93 59 39 36 : 2768
2 59 39 90 86 85 : 2816
2 63 59 36 34 86 : 2560
90 2 63 36 : 2528
2 63 90 34 : 2840
94 86 : 2768
93 86 : 3776
94 85 : 2776
2 63 59 85 : 3124
2 63 59 86 : 2932
90 86 : 7288
76 39 85 : 2824
90 85 : 7488
76 39 86 : 2824
34 23 2 63 39 36 : 2464
67 63 90 86 : 2720
59 76 67 : 2632
93 85 : 3968
67 63 90 85 : 2720
86 76 34 : 4384
2 63 36 34 86 85 : 2560
76 36 85 : 3128
76 36 86 : 3128
59 76 63 : 2488
2 53 90 85 : 2592
2 53 90 86 : 2592
23 39 36 86 : 3016
116 90 34 85 : 3104
116 90 34 86 : 3104
34 76 90 : 3896
23 39 34 85 : 3016
90 76 36 : 2928
23 39 34 86 : 3016
23 2 59 90 34 86 : 2528
23 39 36 85 : 3016
23 2 59 90 34 85 : 2528
110 53 90 34 86 85 : 2832
59 36 34 85 : 4232
28 2 39 90 34 86 85 : 2496
23 39 86 85 : 3016
23 36 86 85 : 3272
23 63 59 36 34 86 85 : 2864
63 39 36 34 86 85 : 2680
76 59 34 86 85 : 3280
23 63 59 39 86 85 : 2608
53 63 86 85 : 3216
67 36 34 86 85 : 3160
2 39 90 86 : 3200
2 39 90 85 : 3392
23 2 59 90 34 86 85 : 2528
110 36 90 34 86 85 : 3664
76 59 36 34 86 : 2552
76 59 36 34 85 : 2552
2 53 39 86 : 2496
3 34 86 85 : 3602
23 39 90 86 : 2720
23 63 59 39 36 34 86 : 2608
23 63 59 39 36 34 85 : 2608
23 93 2 34 : 2560
85 2 53 34 : 2592
23 93 2 36 : 2464
86 2 53 34 : 2592
2 53 39 85 : 2496
63 59 39 36 86 85 : 2608
23 93 2 39 : 2464
38 34 85 : 2512
2 59 39 36 90 85 : 2624
2 39 86 85 : 3728
38 34 86 : 2504
36 90 34 : 6272
23 39 90 85 : 2720
85 23 93 63 90 : 2744
86 23 93 63 90 : 2744
53 59 34 86 : 3216
53 59 34 85 : 3216
86 53 59 36 : 2736
53 59 36 85 : 2736
1 36 34 85 : 3786
1 36 34 86 : 3786
2 53 39 90 : 2496
36 34 85 : 6602
63 59 39 36 90 85 : 2504
34 2 53 90 : 2592
36 34 86 : 6602
39 36 90 85 : 4208
1 110 24 90 34 86 : 2504
23 2 39 34 86 85 : 2656
1 110 24 90 34 85 : 2504
39 36 90 86 : 4016
85 2 59 39 36 86 : 2656
93 59 36 90 34 86 85 : 3024
23 93 63 86 85 : 2848
53 59 90 34 : 3216
59 36 90 34 : 3936
23 36 90 85 : 2976
1 36 90 34 : 3696
23 36 90 86 : 2976
67 59 90 34 85 : 2960
2 63 59 36 86 85 : 2560
90 53 59 36 : 2736
67 59 90 34 86 : 2960
76 59 36 34 : 2552
2 36 90 86 85 : 2576
23 93 2 59 : 2560
2 59 39 90 34 86 85 : 2816
1 110 36 90 34 86 85 : 2728
34 93 59 39 36 : 2680
23 93 59 36 90 34 86 85 : 2832
2 63 59 39 36 34 85 : 2464
23 93 36 90 86 85 : 2976
2 63 59 39 36 34 86 : 2464
59 36 34 86 : 4232
53 63 90 85 : 3216
39 36 86 85 : 4364
53 63 90 86 : 3216
28 2 39 90 86 85 : 2496
76 59 36 86 : 2552
116 90 86 85 : 3104
76 59 34 85 : 3280
1 34 86 85 : 3890
76 59 36 85 : 2552
76 59 34 86 : 3280
76 63 59 34 86 85 : 2488
2 53 39 34 : 2496
2 59 90 34 85 : 3080
86 2 59 90 34 : 3080
23 2 34 86 85 : 2752
2 36 90 34 86 : 2576
2 36 90 34 85 : 2576
23 93 63 59 90 : 2672
2 63 59 36 90 85 : 2528
36 90 85 : 6464
63 59 39 36 34 85 : 2608
86 63 59 39 36 34 : 2608
93 36 90 34 : 3168
36 90 86 : 6272
23 63 59 39 34 : 2608
34 23 63 59 36 : 2864
36 23 63 59 39 : 2608
56 39 90 34 86 85 : 3312
76 59 90 34 : 2936
23 93 2 36 34 86 85 : 2464
23 93 39 36 34 86 85 : 2824
23 93 63 59 86 : 2776
23 93 63 59 85 : 2776
2 39 90 34 : 3200
90 2 39 36 : 2624
36 86 85 : 6620
67 59 90 86 85 : 2960
23 93 63 39 86 : 2488
86 76 90 34 : 3896
76 90 34 85 : 3896
56 36 90 34 86 : 3408
23 63 36 90 34 86 85 : 2640
56 36 90 34 85 : 3408
56 39 36 34 85 : 3432
56 39 36 34 86 : 3432
2 53 39 90 85 : 2496
28 2 90 34 86 85 : 2688
86 2 53 39 90 : 2496
23 2 63 59 34 86 85 : 2560
28 2 39 90 34 86 : 2496
56 39 36 90 34 : 3312
59 39 34 86 85 : 3400
53 34 86 85 : 4608
28 2 39 90 34 85 : 2496
2 53 39 86 85 : 2496
34 23 93 63 90 : 2744
90 23 93 63 36 : 2640
63 59 90 34 86 85 : 3596
93 67 34 85 : 2608
93 36 34 86 : 3288
93 67 34 86 : 2608
85 39 36 34 : 4346
86 39 36 34 : 4346
93 36 34 85 : 3288
2 59 39 36 34 86 : 2656
53 59 86 85 : 3216
34 39 36 90 : 4016
2 59 39 36 34 85 : 2656
93 2 90 85 : 2816
93 2 90 86 : 2624
53 59 90 34 86 85 : 3216
86 23 93 63 34 : 2848
23 93 63 34 85 : 2848
23 93 63 39 85 : 2488
86 23 93 63 36 : 2744
67 63 59 34 86 85 : 2500
23 93 63 36 85 : 2744
1 110 24 90 86 85 : 2504
total : 2826