23 2 63 39 36 85 : 2464
23 2 63 39 36 86 : 2464
28 2 39 : 3216
2 59 36 90 86 85 : 2576
110 86 : 3944
28 2 34 : 3216
23 63 90 : 2744
28 90 85 : 2928
110 85 : 4040
28 90 86 : 2728
36 90 85 : 6464
116 34 86 85 : 3130
63 39 34 86 85 : 3208
36 90 86 : 6272
2 53 39 34 : 2496
10 36 90 86 : 3016
10 36 90 85 : 3016
23 93 39 36 86 85 : 2824
1 34 86 85 : 3890
39 90 34 85 : 4784
39 90 34 86 : 4784
2 59 36 86 : 2800
76 36 86 : 3128
2 59 36 85 : 2992
23 63 86 : 3040
76 36 85 : 3128
23 63 85 : 3040
23 93 2 59 36 85 : 2464
93 2 59 39 36 34 : 2464
23 93 2 59 36 86 : 2464
63 59 34 : 3964
28 53 39 34 86 85 : 2496
63 59 39 : 3064
2 39 34 : 3728
63 59 36 : 3680
23 39 86 85 : 3016
2 39 36 : 2864
110 90 : 3952
28 2 59 34 : 2648
28 2 39 90 34 : 2496
3 : 3656
2 : 4208
1 36 86 85 : 3804
76 59 36 34 86 : 2552
1 : 3916
76 59 36 34 85 : 2552
7 : 828
2 59 36 90 : 2768
6 : 3152
76 36 90 : 2928
5 : 32
4 : 452
110 53 34 86 85 : 2832
9 : 2556
2 59 34 86 85 : 3448
8 : 4
23 93 39 90 34 86 : 2720
23 2 59 39 34 86 85 : 2656
23 2 63 59 34 85 : 2560
23 93 39 90 34 85 : 2720
23 2 63 59 34 86 : 2560
52 34 85 : 3306
2 90 34 86 85 : 3488
52 34 86 : 3298
28 2 90 86 : 2688
23 93 36 34 : 3080
28 2 59 39 : 2672
28 2 90 85 : 2880
93 2 63 59 39 36 85 : 2464
3 90 85 : 3464
23 36 90 34 : 2976
3 90 86 : 3416
53 39 34 86 : 2784
53 39 34 85 : 2784
28 2 59 : 2840
56 39 90 34 86 : 3312
56 39 90 34 85 : 3312
39 90 34 86 85 : 4784
53 39 90 34 86 85 : 2784
53 59 90 34 : 3216
28 90 86 85 : 2728
28 2 53 : 2496
2 39 90 34 86 : 3200
76 59 36 85 : 2552
63 39 36 34 : 2680
23 93 2 59 39 36 85 : 2464
23 93 2 59 39 36 86 : 2464
23 59 39 90 86 85 : 2576
76 90 34 86 85 : 3896
23 36 90 34 85 : 2976
23 36 90 34 86 : 2976
110 24 36 90 86 85 : 2528
52 36 90 34 86 85 : 2528
2 59 36 90 85 : 2768
6 90 34 85 : 2972
6 90 34 86 : 2970
2 59 36 90 86 : 2576
86 85 : 7924
56 39 34 86 85 : 3432
2 39 90 34 85 : 3200
93 86 85 : 3776
56 90 34 86 85 : 3656
28 2 39 90 34 86 85 : 2496
23 59 39 36 90 85 : 2576
23 59 39 36 90 86 : 2576
56 39 36 90 85 : 3312
56 39 36 90 86 : 3312
93 34 86 : 3776
23 63 39 36 34 : 2680
110 24 86 85 : 2624
93 34 85 : 3776
94 53 24 34 : 2496
2 59 39 90 34 86 85 : 2816
76 53 90 34 86 : 2592
23 2 59 86 85 : 2752
76 53 90 34 85 : 2592
53 63 59 90 : 2520
23 93 2 59 36 34 : 2464
2 59 39 36 34 85 : 2656
67 59 90 34 86 : 2960
67 59 90 34 85 : 2960
93 2 63 36 85 : 2560
23 39 34 : 3016
28 2 39 90 86 : 2496
2 59 39 36 34 86 : 2656
23 93 39 90 34 86 85 : 2720
23 39 36 : 3016
28 2 39 90 85 : 2688
59 90 34 86 85 : 4544
76 59 34 85 : 3280
6 86 85 : 3102
76 59 34 86 : 3280
59 86 85 : 4984
59 36 86 85 : 4232
28 2 59 86 : 2648
1 110 24 36 34 85 : 2456
1 110 24 36 34 86 : 2456
28 2 59 85 : 2840
1 36 34 : 3786
76 59 36 86 : 2552
93 2 59 90 : 2816
53 63 59 85 : 2520
36 90 34 : 6272
53 63 59 86 : 2520
23 63 59 36 90 : 2568
110 53 36 90 34 85 : 2736
110 53 36 90 34 86 : 2736
93 39 34 85 : 3128
93 39 34 86 : 3128
93 39 36 90 34 : 2720
23 63 34 : 3040
23 2 36 34 86 : 2656
23 63 36 : 2936
23 2 36 34 85 : 2656
23 63 59 36 86 : 2864
23 63 59 36 85 : 2864
52 36 34 : 2858
93 2 59 85 : 2992
2 53 90 34 86 85 : 2592
93 2 59 86 : 2800
23 63 39 : 2680
93 2 63 59 39 36 : 2464
2 59 36 90 34 : 2576
76 53 90 86 85 : 2592
94 24 86 85 : 2576
53 36 86 85 : 3744
63 59 86 : 3964
63 59 85 : 4156
23 59 90 34 86 85 : 2936
2 39 36 34 86 85 : 2672
28 63 86 85 : 2680
23 93 63 59 36 90 34 : 2568
63 59 36 34 : 3488
93 2 59 86 85 : 2800
28 2 59 90 : 2472
56 39 90 85 : 3312
63 39 36 90 : 2576
56 39 90 86 : 3312
23 2 36 86 : 2656
23 2 39 36 86 : 2656
23 2 36 85 : 2656
23 2 39 36 85 : 2656
23 93 59 34 86 : 3040
59 90 85 : 4736
23 93 59 34 85 : 3040
59 90 86 : 4544
76 36 34 85 : 3128
94 53 24 85 : 2496
76 36 34 86 : 3128
94 53 24 86 : 2496
1 110 24 36 34 : 2456
23 36 90 86 : 2976
93 34 86 85 : 3776
23 36 90 85 : 2976
28 2 39 90 34 86 : 2496
28 2 39 90 34 85 : 2496
63 59 90 : 3788
2 59 36 90 34 86 85 : 2576
52 34 : 3306
93 2 63 86 85 : 2608
52 36 : 3068
76 59 34 86 85 : 3280
23 63 59 : 2968
52 39 : 2828
63 39 36 85 : 2872
93 2 63 36 90 : 2528
63 39 36 86 : 2680
23 93 36 34 86 85 : 3080
1 24 90 34 86 : 3248
1 24 90 34 85 : 3256
23 2 59 39 36 34 85 : 2656
23 2 59 39 36 34 86 : 2656
110 53 36 90 86 : 2736
2 59 39 90 : 3008
2 63 36 34 85 : 2560
110 53 36 90 85 : 2736
2 63 36 34 86 : 2560
23 93 63 36 90 34 86 85 : 2640
93 63 39 36 34 86 : 2488
93 63 39 36 34 85 : 2488
2 63 90 85 : 3032
2 63 90 86 : 2840
76 67 86 85 : 3520
23 2 63 59 39 36 34 85 : 2464
94 53 24 90 : 2496
110 36 34 86 85 : 3752
53 63 59 90 86 85 : 2520
23 2 63 59 39 36 34 86 : 2464
93 63 36 90 86 85 : 2832
1 36 86 : 3804
1 36 85 : 3804
53 63 36 90 : 2736
94 53 90 34 86 85 : 2496
23 93 63 59 86 85 : 2776
28 2 39 34 86 85 : 3024
94 24 90 85 : 2584
94 24 90 86 : 2576
28 39 90 34 86 : 2496
53 36 34 : 3744
1 110 24 86 85 : 2504
23 59 39 34 86 : 2872
28 39 90 34 85 : 2496
23 63 36 34 86 85 : 2936
36 34 : 6602
93 39 36 90 86 : 2720
93 39 36 90 85 : 2912
23 93 59 39 36 90 34 85 : 2576
93 59 90 34 : 3224
23 93 59 39 36 90 34 86 : 2576
93 2 59 39 34 86 : 2608
93 2 59 39 34 85 : 2608
23 93 2 59 39 36 34 86 85 : 2464
52 85 : 3516
93 2 36 34 86 85 : 2576
52 86 : 3316
2 76 39 86 85 : 2464
110 24 : 2720
67 59 34 86 85 : 3304
23 63 36 86 85 : 2936
23 2 63 59 86 : 2560
63 59 39 90 34 86 85 : 2504
23 93 2 59 39 34 86 85 : 2464
23 93 63 36 85 : 2744
23 93 63 36 86 : 2744
52 90 : 2880
23 2 63 59 85 : 2560
23 93 59 36 90 34 : 2832
24 90 34 86 85 : 4208
2 39 85 : 3920
23 36 90 86 85 : 2976
76 63 34 86 85 : 3040
2 39 86 : 3728
1 110 24 36 90 34 : 2456
23 63 59 36 34 86 : 2864
63 59 36 86 : 3488
63 59 36 85 : 3680
2 59 86 85 : 3448
2 59 39 85 : 3376
23 93 63 59 36 90 86 : 2568
23 93 63 59 36 90 85 : 2568
52 39 85 : 2828
2 59 39 86 : 3184
52 39 86 : 2636
110 36 : 3848
23 2 59 90 86 85 : 2528
23 63 59 36 34 85 : 2864
38 90 34 86 85 : 2504
110 34 : 3944
28 2 53 39 86 85 : 2496
23 59 90 34 86 : 2936
23 59 90 34 85 : 2936
2 59 36 34 : 2800
23 39 36 90 86 85 : 2720
1 36 90 : 3696
2 39 90 : 3392
23 93 63 36 90 : 2640
23 2 63 39 36 34 : 2464
63 59 36 90 : 3384
10 36 90 34 : 3016
23 93 2 36 86 85 : 2464
23 2 63 36 86 : 2464
23 2 63 36 85 : 2464
23 63 59 90 34 86 85 : 2672
1 110 24 36 90 86 : 2456
76 86 85 : 4384
1 110 24 36 90 85 : 2456
23 2 36 34 : 2656
23 2 39 36 34 : 2656
94 24 90 34 : 2584
56 39 90 34 : 3312
76 90 86 : 3896
76 90 85 : 3896
52 39 34 86 85 : 2618
67 59 36 34 86 : 2552
2 59 90 86 : 3080
67 59 36 34 85 : 2552
2 59 90 85 : 3272
28 90 34 86 : 2728
28 90 34 85 : 2736
1 110 24 36 : 2456
2 59 39 36 34 86 85 : 2656
1 110 24 34 : 2504
2 63 90 34 : 2840
23 39 34 86 85 : 3016
24 34 86 : 4530
23 63 59 34 86 85 : 2968
24 34 85 : 4538
2 53 39 90 : 2496
76 63 90 34 86 : 2696
76 63 90 34 85 : 2696
93 2 63 59 39 85 : 2536
93 67 86 : 2608
28 2 63 : 2792
93 67 85 : 2608
2 53 39 85 : 2496
2 53 39 86 : 2496
23 2 39 34 86 85 : 2656
28 2 90 34 : 2688
2 36 34 85 : 2816
23 93 63 39 86 85 : 2488
110 53 : 2832
2 36 34 86 : 2816
93 2 59 34 : 2800
53 36 85 : 3744
76 36 90 34 86 85 : 2928
53 36 86 : 3744
93 2 59 36 : 2752
93 59 39 36 90 34 85 : 2576
2 59 39 36 : 2848
93 59 39 36 90 34 86 : 2576
93 2 59 39 : 2800
23 93 63 36 34 : 2744
2 59 39 34 : 3184
23 2 63 39 36 34 86 85 : 2464
23 59 39 36 90 34 : 2576
1 24 86 85 : 3284
52 39 34 : 2618
93 59 36 90 86 85 : 3024
52 39 36 : 2540
63 59 90 85 : 3788
63 59 90 86 : 3596
76 59 36 34 : 2552
36 85 : 6812
36 86 : 6620
23 2 59 39 34 85 : 2656
23 2 59 39 34 86 : 2656
2 67 34 86 85 : 2752
23 59 39 34 85 : 2872
93 63 59 90 34 : 2960
76 36 34 : 3128
39 34 85 : 5402
53 36 90 : 3744
39 34 86 : 5402
2 59 39 34 85 : 3184
2 59 39 34 86 : 3184
53 59 90 85 : 3216
28 2 90 : 2880
53 59 90 86 : 3216
110 53 36 90 34 : 2736
23 63 59 39 36 34 86 85 : 2608
36 90 : 6464
28 2 85 : 3408
28 2 86 : 3216
1 110 36 86 85 : 2800
67 39 34 : 2824
23 93 39 36 90 85 : 2720
1 110 24 85 : 2504
23 93 39 36 90 86 : 2720
1 110 24 86 : 2504
39 36 90 86 85 : 4016
39 86 85 : 5420
23 93 63 59 90 86 85 : 2672
10 85 : 3244
10 86 : 3236
63 59 39 90 34 : 2504
56 39 86 85 : 3432
93 63 : 3472
2 36 90 34 85 : 2576
2 36 90 34 86 : 2576
93 67 : 2608
23 2 63 36 34 : 2464
28 39 90 86 : 2496
28 39 90 85 : 2688
28 53 90 86 85 : 2496
10 90 : 3052
2 36 90 : 2768
93 59 90 34 85 : 3224
93 59 90 34 86 : 3224
1 110 24 90 : 2504
23 93 63 90 34 86 : 2744
2 67 39 34 86 : 2464
2 67 39 34 85 : 2464
63 36 90 86 85 : 3696
2 76 39 85 : 2464
2 76 39 86 : 2464
93 76 : 2608
23 93 63 59 36 : 2672
1 24 90 : 3256
1 110 36 90 86 85 : 2728
23 93 63 59 34 : 2776
23 93 63 90 34 85 : 2744
56 90 34 86 : 3656
56 90 34 85 : 3656
23 2 63 86 85 : 2560
3 36 90 86 : 2872
23 39 36 86 85 : 3016
3 36 90 85 : 2920
2 63 36 90 85 : 2528
93 86 : 3776
116 36 85 : 2956
116 36 86 : 2956
93 59 39 34 : 2824
116 36 34 85 : 2938
116 36 34 86 : 2938
93 85 : 3968
93 59 39 36 : 2872
63 59 90 34 : 3596
93 90 : 3560
59 39 36 86 : 2872
59 39 36 85 : 3064
2 34 85 : 4016
53 63 36 34 : 2736
2 86 85 : 4016
2 34 86 : 4016
2 53 39 90 85 : 2496
2 53 39 90 86 : 2496
93 59 39 90 34 : 2576
3 90 86 85 : 3416
2 63 36 34 : 2560
93 2 59 36 34 86 85 : 2560
93 63 39 36 34 : 2488
52 36 90 86 : 2528
52 36 90 85 : 2720
59 39 36 90 : 2768
116 36 90 : 2912
2 90 34 : 3488
93 63 59 90 85 : 3152
76 59 90 86 85 : 2936
56 36 : 3528
67 63 59 86 85 : 2500
93 63 59 90 86 : 2960
56 34 : 3776
53 39 90 86 85 : 2784
23 93 39 36 34 86 85 : 2824
3 36 34 : 2962
56 39 : 3432
36 34 86 : 6602
23 2 63 59 39 : 2464
2 53 39 90 34 : 2496
23 2 63 59 36 : 2464
53 24 85 : 2496
53 24 86 : 2496
59 39 36 90 34 86 : 2576
23 59 39 90 34 : 2576
28 59 34 85 : 2728
59 39 36 90 34 85 : 2576
2 76 39 34 : 2464
28 59 34 86 : 2728
23 2 63 59 34 : 2560
28 39 90 86 85 : 2496
93 2 : 3152
10 34 : 3226
2 63 39 34 86 : 2992
23 93 39 36 90 34 : 2720
10 36 : 3208
2 63 39 34 85 : 2992
3 36 90 34 : 2872
52 36 90 34 : 2528
2 76 39 34 86 85 : 2464
93 34 : 3776
23 93 63 59 86 : 2776
3 36 90 : 2920
93 59 39 86 : 2824
93 59 90 86 : 3224
93 59 39 85 : 3016
93 59 90 85 : 3416
23 93 63 59 85 : 2776
93 36 : 3480
28 59 86 85 : 2728
53 24 90 : 2496
93 2 59 34 86 : 2800
93 39 : 3320
93 2 59 34 85 : 2800
110 24 36 34 85 : 2528
93 39 36 34 86 85 : 2840
110 24 36 34 86 : 2528
110 24 36 90 34 86 : 2528
110 24 36 90 34 85 : 2528
2 63 59 36 34 86 : 2560
2 63 59 36 34 85 : 2560
36 34 85 : 6602
93 59 39 90 : 2768
2 36 86 : 2816
2 36 85 : 3008
1 24 90 85 : 3256
56 90 : 3656
3 36 85 : 3016
2 63 36 86 : 2560
63 59 39 36 34 86 85 : 2608
2 63 36 85 : 2752
23 93 63 59 90 : 2672
3 36 86 : 2968
53 63 36 85 : 2736
94 24 90 : 2584
1 24 90 86 : 3248
59 39 36 34 : 2872
53 63 36 86 : 2736
2 63 36 90 : 2528
93 63 39 36 90 : 2576
38 90 85 : 2512
38 90 86 : 2504
63 39 36 34 86 85 : 2680
23 59 90 86 85 : 2936
28 2 39 90 86 85 : 2496
93 76 86 : 2608
93 76 85 : 2608
93 90 86 85 : 3368
93 63 59 39 34 86 : 2488
93 63 59 39 34 85 : 2488
23 2 39 36 86 85 : 2656
94 24 85 : 2584
94 24 90 34 85 : 2584
94 24 90 34 86 : 2576
94 24 86 : 2576
67 39 86 : 2824
67 39 85 : 2824
52 36 34 86 85 : 2858
10 90 85 : 3052
23 59 36 90 86 85 : 2832
93 59 : 3664
93 63 36 90 : 3024
56 85 : 3776
10 90 86 : 3044
56 86 : 3776
23 93 2 39 34 86 : 2464
23 93 59 36 90 86 : 2832
24 36 34 86 : 3330
23 93 59 36 90 85 : 2832
24 36 34 85 : 3330
1 110 36 90 85 : 2728
93 63 39 36 86 : 2488
1 110 36 90 86 : 2728
1 24 90 34 86 85 : 3248
93 63 39 36 85 : 2680
67 59 90 34 86 85 : 2960
23 93 2 39 34 85 : 2464
28 2 63 39 34 86 85 : 2480
67 90 34 86 : 3976
67 90 34 85 : 3976
23 2 63 39 36 86 85 : 2464
23 93 2 86 85 : 2560
94 53 90 34 : 2496
76 67 90 34 : 3080
1 36 90 34 86 : 3696
63 59 36 34 85 : 3488
1 36 90 34 85 : 3696
63 59 36 34 86 : 3488
23 39 36 34 : 3016
93 2 59 36 90 34 86 : 2528
93 2 59 36 90 34 85 : 2528
23 93 63 59 36 90 34 86 85 : 2568
93 63 36 86 : 2936
93 63 36 85 : 3128
93 76 34 : 2608
36 90 34 86 85 : 6272
23 93 63 36 86 85 : 2744
23 59 39 36 90 34 86 85 : 2576
23 63 86 85 : 3040
23 93 2 59 39 34 : 2464
23 93 2 59 39 36 : 2464
23 59 36 90 34 86 85 : 2832
56 86 85 : 3776
93 59 39 90 34 86 85 : 2576
53 90 86 85 : 4608
23 93 59 36 90 34 86 : 2832
2 39 36 86 85 : 2672
23 93 59 36 90 34 85 : 2832
63 59 36 90 86 : 3192
63 59 36 90 85 : 3384
116 56 90 34 86 85 : 2448
23 93 63 59 36 90 34 85 : 2568
23 93 63 90 85 : 2744
3 86 85 : 3608
23 93 63 59 36 90 34 86 : 2568
23 93 63 90 86 : 2744
93 63 90 85 : 3224
23 63 59 39 34 85 : 2608
23 63 59 39 34 86 : 2608
28 2 53 90 34 86 85 : 2496
93 63 90 86 : 3032
53 63 36 90 34 : 2736
23 93 59 39 36 90 86 85 : 2576
52 36 34 85 : 2858
52 36 34 86 : 2858
6 36 86 85 : 2652
10 90 34 : 3052
23 63 59 36 90 86 85 : 2568
28 2 59 39 34 86 85 : 2480
93 2 59 39 36 34 86 85 : 2464
23 93 59 39 36 34 86 85 : 2680
23 90 86 85 : 3080
94 24 34 86 85 : 2576
28 39 90 34 : 2496
38 90 34 : 2512
1 24 34 : 3274
23 63 36 90 34 86 85 : 2640
1 24 36 : 3188
2 76 86 85 : 2704
2 63 59 36 86 85 : 2560
63 59 39 90 86 : 2504
63 59 39 90 85 : 2696
23 93 63 36 90 86 85 : 2640
23 39 36 85 : 3016
2 59 39 36 86 85 : 2656
23 93 2 39 34 86 85 : 2464
93 63 36 34 : 2936
23 93 2 59 39 36 86 85 : 2464
56 39 36 86 85 : 3432
23 2 63 59 39 36 34 86 85 : 2464
1 110 24 36 90 : 2456
23 2 63 : 2560
53 36 90 86 85 : 3744
23 63 39 36 86 : 2680
23 39 36 90 : 2720
23 63 39 36 85 : 2680
23 2 59 : 2752
76 67 90 85 : 3080
23 93 59 90 34 85 : 2936
76 67 90 86 : 3080
23 93 59 90 34 86 : 2936
93 2 39 36 34 86 85 : 2480
23 59 36 34 : 3128
53 34 86 85 : 4608
93 63 90 34 : 3032
23 63 90 34 86 85 : 2744
116 36 34 : 2938
93 59 90 86 85 : 3224
1 110 24 36 86 : 2456
23 39 36 86 : 3016
93 63 90 86 85 : 3032
1 110 24 36 85 : 2456
28 90 34 : 2736
23 39 36 90 34 85 : 2720
63 59 86 85 : 3964
23 93 2 59 39 86 : 2464
1 24 85 : 3292
23 93 2 59 39 85 : 2464
23 39 36 90 34 86 : 2720
1 24 86 : 3284
2 90 85 : 3680
2 90 86 : 3488
52 36 90 : 2720
2 59 86 : 3448
63 59 36 90 34 : 3192
93 59 39 36 34 86 85 : 2680
23 93 2 59 39 86 85 : 2464
2 59 85 : 3640
93 63 39 36 34 86 85 : 2488
3 90 34 : 3416
10 36 86 85 : 3208
93 63 39 36 90 85 : 2576
23 2 39 : 2656
56 39 36 90 34 : 3312
23 2 36 : 2656
52 36 86 : 2876
52 36 85 : 3068
63 36 86 85 : 3992
23 93 2 36 34 85 : 2464
23 93 2 36 34 86 : 2464
52 36 90 34 85 : 2528
52 36 90 34 86 : 2528
53 63 59 34 : 2520
23 93 39 34 86 85 : 2824
93 59 34 86 85 : 3472
28 53 34 86 85 : 2496
53 24 34 : 2496
23 2 63 59 36 34 86 85 : 2464
110 24 90 34 85 : 2624
23 59 39 90 85 : 2576
23 2 34 : 2752
2 59 90 : 3272
110 24 90 34 86 : 2624
23 59 39 90 86 : 2576
76 53 86 85 : 2592
76 53 86 : 2592
53 63 36 90 34 86 85 : 2736
76 53 85 : 2592
23 93 59 36 90 86 85 : 2832
59 39 34 86 85 : 3400
1 36 : 3804
1 34 : 3898
53 59 36 86 85 : 2736
28 2 59 39 34 85 : 2480
23 93 2 59 36 34 86 85 : 2464
28 2 59 39 34 86 : 2480
23 2 63 39 85 : 2464
23 2 63 39 86 : 2464
24 36 90 34 85 : 3296
24 36 90 34 86 : 3296
1 36 90 86 85 : 3696
53 59 90 86 85 : 3216
116 90 86 : 3104
116 90 85 : 3104
93 63 39 34 86 85 : 2632
23 2 59 90 86 : 2528
23 2 85 : 2752
1 24 : 3292
23 2 86 : 2752
76 67 59 86 : 2632
23 93 2 90 34 86 : 2528
23 2 59 90 85 : 2528
93 63 59 39 36 85 : 2608
23 93 2 90 34 85 : 2528
28 63 39 : 2744
63 59 39 90 34 86 : 2504
63 59 39 90 34 85 : 2504
76 67 59 85 : 2632
28 2 53 39 85 : 2496
28 63 34 : 2680
28 2 53 39 86 : 2496
94 53 86 85 : 2496
56 39 86 : 3432
28 53 90 34 : 2496
56 39 85 : 3432
52 36 90 86 85 : 2528
2 90 34 85 : 3488
93 59 36 90 34 : 3024
2 90 34 86 : 3488
23 2 90 : 2528
23 93 90 34 86 85 : 3080
23 59 36 85 : 3128
28 2 53 39 90 : 2496
53 24 90 34 86 : 2496
23 59 36 86 : 3128
28 2 53 34 : 2496
94 53 24 90 34 86 85 : 2496
110 36 90 34 86 85 : 3664
59 90 34 85 : 4544
2 59 39 36 34 : 2656
2 76 39 34 86 : 2464
2 76 39 34 85 : 2464
23 93 59 39 36 90 : 2576
2 67 39 34 : 2464
23 2 90 86 85 : 2528
23 2 63 59 36 86 85 : 2464
53 59 90 34 85 : 3216
23 59 39 34 : 2872
53 59 90 34 86 : 3216
67 63 34 85 : 3064
67 63 34 86 : 3064
23 2 63 34 86 85 : 2560
23 36 34 : 3272
59 90 34 86 : 4544
23 2 59 36 34 : 2656
56 39 90 : 3312
53 24 90 34 85 : 2496
23 59 36 86 85 : 3128
110 34 86 85 : 3944
76 53 90 : 2592
1 110 90 86 : 2776
93 2 59 90 86 : 2624
93 2 59 90 85 : 2816
23 93 59 39 36 85 : 2680
23 59 39 36 : 2872
23 59 36 90 : 2832
53 59 36 90 34 : 2736
23 63 59 39 34 : 2608
23 93 59 39 90 86 85 : 2576
1 110 90 85 : 2776
23 93 59 39 36 86 : 2680
23 63 59 39 36 : 2608
10 34 86 85 : 3218
63 59 36 90 86 85 : 3192
23 93 59 90 34 86 85 : 2936
28 2 53 39 : 2496
53 63 90 34 : 3216
93 59 36 90 34 86 85 : 3024
116 : 3148
76 67 90 34 86 : 3080
117 : 1144
76 67 90 34 85 : 3080
76 67 59 34 : 2632
114 : 2148
110 36 34 86 : 3752
115 : 292
112 : 340
113 : 368
3 34 85 : 3602
110 : 4040
111 : 1712
28 63 86 : 2680
3 39 34 86 85 : 2578
28 53 39 90 86 85 : 2496
28 63 85 : 2872
2 76 34 86 : 2704
63 59 39 36 86 85 : 2608
118 : 192
2 76 34 85 : 2704
23 63 90 86 85 : 2744
119 : 831
23 93 63 90 34 : 2744
1 110 24 90 86 85 : 2504
93 59 36 90 86 : 3024
56 39 36 : 3432
93 2 59 90 34 86 : 2624
53 63 36 90 85 : 2736
56 39 34 : 3432
53 63 36 90 86 : 2736
3 34 86 : 3602
53 63 90 86 : 3216
110 36 34 85 : 3752
53 63 90 85 : 3216
2 59 39 36 90 : 2624
93 2 59 90 34 85 : 2624
23 2 59 36 34 86 85 : 2656
56 39 36 90 : 3312
39 34 86 85 : 5402
93 59 36 90 85 : 3216
93 59 39 36 34 85 : 2680
93 59 39 36 34 86 : 2680
28 2 34 86 : 3216
28 2 34 85 : 3216
93 59 39 36 90 86 85 : 2576
56 39 36 86 : 3432
23 63 39 36 34 86 85 : 2680
23 93 59 39 90 34 86 85 : 2576
23 2 59 36 85 : 2656
28 86 85 : 3328
23 2 59 36 86 : 2656
2 63 59 39 36 34 86 : 2464
23 2 59 90 34 86 : 2528
2 63 59 39 36 34 85 : 2464
23 2 59 90 34 85 : 2528
23 63 59 34 86 : 2968
23 63 59 34 85 : 2968
76 53 34 85 : 2592
28 2 63 39 34 : 2480
76 53 34 86 : 2592
56 36 90 85 : 3408
56 36 90 86 : 3408
93 63 59 39 36 90 : 2504
116 36 90 34 86 85 : 2912
23 59 39 90 34 85 : 2576
23 59 39 90 34 86 : 2576
94 90 86 85 : 2576
56 39 36 85 : 3432
67 59 36 86 85 : 2552
2 59 34 : 3448
93 63 39 34 86 : 2632
2 63 39 90 : 2816
2 63 39 86 : 2992
2 59 39 : 3376
2 63 39 85 : 3184
2 59 36 : 2992
67 36 90 86 85 : 2960
53 63 36 90 86 85 : 2736
28 63 59 : 2596
3 36 34 86 : 2962
3 36 34 85 : 2962
1 24 36 86 85 : 3188
93 63 39 34 85 : 2632
23 93 59 36 34 86 85 : 2936
76 59 90 85 : 2936
76 59 90 86 : 2936
59 39 36 86 85 : 2872
23 93 36 90 34 : 2976
2 59 39 36 85 : 2848
2 59 39 36 86 : 2656
93 63 59 39 85 : 2680
2 76 : 2704
93 63 59 39 86 : 2488
53 63 86 85 : 3216
2 59 36 34 85 : 2800
2 59 36 34 86 : 2800
23 59 39 90 : 2576
53 90 : 4608
23 2 36 86 85 : 2656
23 36 86 85 : 3272
63 59 39 86 85 : 2872
53 86 : 4608
94 53 34 86 : 2496
53 36 90 34 86 85 : 3744
2 59 39 86 85 : 3184
93 2 59 36 90 34 86 85 : 2528
93 36 34 86 : 3288
93 36 34 85 : 3288
67 90 : 3976
2 67 39 86 85 : 2464
110 34 86 : 3944
110 34 85 : 3944
28 63 39 86 85 : 2552
3 36 90 34 85 : 2872
23 93 2 36 34 86 85 : 2464
23 63 90 34 85 : 2744
76 67 90 34 86 85 : 3080
2 86 : 4016
28 2 53 39 90 86 85 : 2496
2 85 : 4208
94 53 90 86 85 : 2496
3 36 90 34 86 : 2872
39 36 90 34 86 85 : 4016
23 93 63 59 90 34 : 2672
2 67 39 86 : 2464
2 67 39 85 : 2464
23 63 90 34 86 : 2744
93 67 86 85 : 2608
2 39 34 86 : 3728
23 93 2 : 2560
53 39 90 34 : 2784
2 39 34 85 : 3728
53 36 90 34 85 : 3744
53 36 90 34 86 : 3744
53 63 36 86 85 : 2736
59 34 86 85 : 4984
23 93 59 39 90 85 : 2576
23 93 59 39 90 86 : 2576
56 36 90 34 : 3408
23 63 36 90 34 85 : 2640
23 63 36 90 34 86 : 2640
3 39 85 : 2632
23 93 63 39 85 : 2488
3 39 86 : 2584
2 53 90 : 2592
28 63 39 34 86 85 : 2552
2 90 : 3680
23 93 63 39 86 : 2488
28 53 86 85 : 2496
23 63 36 34 85 : 2936
23 2 59 90 34 : 2528
23 63 36 34 86 : 2936
28 2 53 39 90 34 : 2496
23 93 59 90 : 2936
59 36 90 34 86 85 : 3936
1 24 90 34 : 3256
2 59 90 86 85 : 3080
3 39 90 : 2440
116 56 34 86 85 : 2456
53 85 : 4608
2 63 59 36 90 85 : 2528
1 110 36 90 34 : 2728
93 59 36 86 85 : 3128
67 59 36 85 : 2552
2 53 86 : 2592
2 53 85 : 2592
23 63 39 86 85 : 2680
93 2 39 34 85 : 2768
67 59 36 86 : 2552
93 2 39 34 86 : 2768
94 24 34 : 2584
76 36 34 86 85 : 3128
23 93 63 59 34 86 85 : 2776
93 76 34 86 : 2608
67 86 : 4464
93 59 39 34 86 : 2824
93 76 34 85 : 2608
67 85 : 4464
93 59 39 34 85 : 2824
23 36 90 : 2976
76 53 34 : 2592
53 39 90 86 : 2784
23 93 36 90 85 : 2976
53 39 90 85 : 2784
6 90 86 85 : 2970
23 93 36 90 86 : 2976
2 34 : 4016
23 93 63 59 90 85 : 2672
90 34 86 85 : 7288
23 93 63 59 90 86 : 2672
28 59 39 86 85 : 2552
2 39 : 3920
93 63 59 34 86 : 3136
23 93 39 36 90 86 85 : 2720
93 63 59 34 85 : 3136
110 24 34 85 : 2624
67 53 : 2592
2 36 : 3008
110 24 34 86 : 2624
23 93 59 39 36 34 : 2680
2 63 59 39 36 34 : 2464
23 2 63 36 86 85 : 2464
23 93 2 59 36 34 85 : 2464
93 63 39 90 85 : 2576
23 93 2 59 36 34 86 : 2464
38 90 86 85 : 2504
3 39 34 : 2578
53 63 : 3216
67 59 : 3304
67 63 90 34 : 2720
94 34 86 85 : 2768
23 93 59 85 : 3040
2 36 90 86 85 : 2576
23 93 59 86 : 3040
28 2 53 39 34 : 2496
53 59 90 : 3216
116 36 86 85 : 2956
23 39 90 86 85 : 2720
28 53 90 86 : 2496
28 53 90 85 : 2496
94 53 34 : 2496
67 63 : 3064
23 63 59 36 90 34 85 : 2568
23 63 59 36 90 34 86 : 2568
53 59 : 3216
110 53 36 90 86 85 : 2736
23 63 59 86 85 : 2968
23 2 39 34 86 : 2656
1 90 : 3808
1 110 36 90 : 2728
2 67 34 86 : 2752
23 93 63 36 90 34 : 2640
2 53 : 2592
2 67 34 85 : 2752
38 90 : 2512
23 63 59 39 86 : 2608
93 2 59 36 34 : 2560
2 59 : 3640
94 53 24 : 2496
52 90 34 86 85 : 2680
93 63 86 85 : 3280
10 86 85 : 3236
67 36 90 34 85 : 2960
67 36 90 34 86 : 2960
53 24 : 2496
23 93 63 39 36 : 2488
23 2 39 34 85 : 2656
93 39 36 86 85 : 2840
63 39 90 34 86 85 : 2768
110 24 36 34 86 85 : 2528
1 110 90 34 : 2776
23 59 39 90 34 86 85 : 2576
93 2 59 90 34 : 2624
94 53 34 85 : 2496
67 59 36 34 : 2552
93 63 59 39 90 : 2504
23 93 63 39 34 : 2488
38 86 : 2504
23 59 39 34 86 85 : 2872
2 63 59 39 86 85 : 2728
38 85 : 2512
53 39 34 86 85 : 2784
2 63 : 3400
23 59 39 85 : 2872
23 2 63 39 34 : 2464
23 59 39 86 : 2872
67 39 : 2824
23 36 85 : 3272
1 110 36 85 : 2800
1 86 : 3908
23 2 63 39 36 : 2464
1 85 : 3916
2 67 : 2752
23 63 59 39 85 : 2608
67 36 : 3160
23 36 86 : 3272
1 110 36 86 : 2800
67 34 : 4464
94 53 34 86 85 : 2496
53 39 : 2784
53 36 : 3744
39 90 86 85 : 4784
56 36 90 34 85 : 3408
53 34 : 4608
56 36 90 34 86 : 3408
2 63 34 : 3208
2 59 39 90 34 86 : 2816
2 63 59 39 36 86 : 2464
93 2 63 34 85 : 2608
23 93 63 59 : 2776
93 2 63 34 86 : 2608
35 : 210
36 : 6812
63 39 34 : 3208
33 : 36
34 : 7914
63 39 36 : 2872
2 63 59 39 36 85 : 2656
39 : 5612
2 63 39 : 3184
93 2 59 36 85 : 2752
23 2 63 36 34 86 85 : 2464
93 2 59 36 86 : 2560
2 59 90 34 : 3080
37 : 1312
2 63 36 : 2752
38 : 2512
76 53 90 86 : 2592
23 93 36 90 34 85 : 2976
76 53 90 85 : 2592
23 93 36 90 34 86 : 2976
43 : 1492
2 63 39 36 34 : 2464
42 : 752
53 63 36 34 85 : 2736
41 : 1048
6 36 86 : 2652
53 63 36 34 86 : 2736
40 : 408
6 36 85 : 2700
59 36 90 34 86 : 3936
59 36 90 34 85 : 3936
28 39 34 : 3096
53 63 59 34 86 : 2520
53 63 59 34 85 : 2520
22 : 16
23 93 59 36 86 : 2936
93 59 39 36 90 34 : 2576
23 : 3376
24 : 4748
25 : 256
23 93 59 36 85 : 2936
94 53 86 : 2496
26 : 400
94 53 85 : 2496
27 : 400
28 : 3528
1 36 34 86 85 : 3786
29 : 2160
23 93 59 36 90 : 2832
93 2 59 36 90 : 2720
23 93 39 36 34 85 : 2824
23 93 2 59 39 : 2464
53 63 36 : 2736
23 93 39 36 34 86 : 2824
30 : 192
53 63 34 : 3216
23 93 2 59 36 : 2464
32 : 576
23 93 2 59 34 : 2560
31 : 576
1 110 24 36 34 86 85 : 2456
58 85 : 2480
76 63 59 86 85 : 2488
2 53 39 90 34 86 85 : 2496
23 93 63 39 : 2488
23 93 63 39 36 34 : 2488
67 53 90 34 : 2592
110 24 36 : 2624
19 : 168
17 : 1500
18 : 144
28 2 90 34 86 : 2688
2 63 59 : 3124
110 36 86 : 3752
15 : 1040
67 63 90 : 2720
110 36 85 : 3848
16 : 1840
93 63 39 86 85 : 2632
13 : 2284
6 90 85 : 3020
14 : 1072
6 90 86 : 2970
76 90 34 : 3896
11 : 2321
28 2 90 34 85 : 2688
12 : 4
67 63 85 : 3064
21 : 44
20 : 16
23 93 36 34 86 : 3080
67 63 86 : 3064
23 93 36 34 85 : 3080
76 53 34 86 85 : 2592
93 39 90 85 : 2912
93 39 90 86 : 2720
93 39 90 34 86 85 : 2720
67 36 34 86 85 : 3160
2 63 39 90 86 85 : 2624
1 24 36 34 : 3170
93 59 39 34 86 85 : 2824
110 24 34 : 2624
23 93 63 36 90 85 : 2640
23 93 63 36 90 86 : 2640
93 2 63 90 85 : 2624
53 59 86 : 3216
28 2 53 90 86 : 2496
28 2 53 90 85 : 2496
93 2 59 39 36 86 85 : 2464
110 36 90 : 3760
93 67 34 : 2608
59 39 90 34 86 85 : 2960
23 2 : 2752
53 59 85 : 3216
2 59 36 86 85 : 2800
10 : 3244
116 90 86 85 : 3104
93 2 90 : 2816
2 59 39 90 86 85 : 2816
53 63 59 : 2520
63 39 86 85 : 3208
63 59 36 86 85 : 3488
67 63 59 34 86 : 2500
67 63 59 34 85 : 2500
23 93 63 34 : 2848
63 36 34 86 85 : 3992
23 93 63 36 : 2744
23 93 59 39 36 90 34 : 2576
79 : 432
78 : 576
77 : 1872
93 63 59 90 86 85 : 2960
28 39 85 : 3288
28 39 86 : 3096
63 39 90 34 : 2768
67 36 34 85 : 3160
76 39 34 86 85 : 2824
1 110 90 34 85 : 2776
67 36 34 86 : 3160
1 110 90 34 86 : 2776
1 36 90 34 86 85 : 3696
76 67 90 86 85 : 3080
82 : 24
83 : 192
28 2 63 39 34 85 : 2480
93 63 59 36 34 85 : 2864
80 : 512
28 2 63 39 34 86 : 2480
93 63 59 36 34 86 : 2864
81 : 96
86 : 7924
87 : 96
84 : 36
85 : 8124
67 : 4464
2 53 39 : 2496
110 36 34 : 3752
23 63 59 39 36 34 : 2608
94 53 24 90 34 : 2496
66 : 2304
28 39 90 : 2688
69 : 1872
68 : 576
28 39 90 34 86 85 : 2496
93 2 59 36 86 85 : 2560
56 36 34 : 3528
6 90 34 86 85 : 2970
2 53 34 : 2592
93 59 90 34 86 85 : 3224
2 63 39 36 86 : 2464
2 63 39 36 85 : 2656
93 2 59 90 86 85 : 2624
38 34 : 2512
23 93 59 34 86 85 : 3040
1 110 24 34 85 : 2504
2 63 59 39 34 86 85 : 2728
1 110 24 34 86 : 2504
23 93 63 90 86 85 : 2744
70 : 448
71 : 432
93 2 36 86 85 : 2576
72 : 96
73 : 192
1 110 24 90 34 86 : 2504
74 : 36
1 110 24 90 34 85 : 2504
75 : 8
1 110 36 34 : 2800
1 24 90 86 85 : 3248
76 : 4384
23 93 63 90 : 2744
2 34 86 85 : 4016
59 : 5176
58 : 2480
57 : 192
28 2 53 39 90 85 : 2496
56 : 3776
55 : 556
28 2 53 39 90 86 : 2496
53 59 34 : 3216
110 24 36 86 85 : 2528
28 2 53 34 86 85 : 2496
2 39 36 90 85 : 2624
94 53 90 : 2496
67 53 34 86 : 2592
53 59 36 : 2736
67 53 34 85 : 2592
23 93 2 59 90 : 2528
3 36 90 86 85 : 2872
23 93 63 86 : 2848
63 39 90 : 2960
23 93 63 85 : 2848
28 2 53 90 34 : 2496
23 93 2 59 85 : 2560
23 93 2 59 86 : 2560
28 63 39 86 : 2552
2 63 90 : 3032
28 63 39 85 : 2744
64 : 600
65 : 284
62 : 24
63 : 4936
60 : 552
61 : 2372
2 63 59 39 36 34 86 85 : 2464
49 : 24
48 : 1728
2 39 90 86 85 : 3200
6 36 90 : 2568
93 2 63 36 90 85 : 2528
45 : 732
44 : 1202
2 59 39 90 34 : 2816
47 : 96
46 : 492
93 2 63 59 90 85 : 2624
93 39 34 86 85 : 3128
63 39 85 : 3400
2 63 85 : 3400
63 39 86 : 3208
2 63 86 : 3208
1 110 36 90 34 86 : 2728
24 34 86 85 : 4530
1 110 36 90 34 85 : 2728
76 53 90 34 : 2592
110 53 90 34 85 : 2832
23 93 63 59 36 90 86 85 : 2568
76 63 34 85 : 3040
76 63 34 86 : 3040
2 59 39 90 34 85 : 2816
110 53 90 34 86 : 2832
93 36 86 85 : 3288
1 110 24 34 86 85 : 2504
1 110 90 34 86 85 : 2776
51 : 64
52 : 3516
53 : 4608
93 39 90 34 : 2720
54 : 1120
53 24 90 86 85 : 2496
93 2 59 36 90 86 85 : 2528
50 : 86
23 39 85 : 3016
93 2 63 36 : 2560
23 39 86 : 3016
93 2 63 59 34 86 : 2536
93 2 63 34 : 2608
63 90 34 86 : 4304
110 24 90 : 2720
63 90 34 85 : 4304
1 90 34 86 85 : 3800
93 2 63 39 : 2608
23 59 39 86 85 : 2872
1 24 36 90 : 3152
23 39 34 86 : 3016
23 39 34 85 : 3016
23 93 59 90 86 85 : 2936
93 2 39 36 90 85 : 2624
28 2 63 39 86 : 2480
28 2 63 39 85 : 2672
24 86 85 : 4548
93 2 63 59 34 85 : 2536
93 63 36 90 34 86 85 : 2832
116 36 34 86 85 : 2938
1 24 36 86 : 3188
53 39 90 34 85 : 2784
90 34 : 7296
53 39 90 34 86 : 2784
76 63 90 34 86 85 : 2696
1 24 36 85 : 3188
23 39 90 : 2720
110 24 85 : 2720
110 24 86 : 2624
93 2 39 : 2960
93 2 36 : 2768
59 90 34 : 4544
93 2 34 : 2960
28 2 53 90 : 2496
76 59 86 85 : 3280
76 63 59 34 85 : 2488
76 63 59 34 86 : 2488
23 93 34 85 : 3184
23 93 34 86 : 3184
24 39 85 : 2596
93 2 63 59 : 2728
110 53 90 34 86 85 : 2832
23 63 39 85 : 2680
10 36 90 34 85 : 3016
23 63 39 86 : 2680
28 39 86 85 : 3096
39 36 34 : 4346
76 53 : 2592
10 36 90 34 86 : 3016
109 : 384
108 : 400
23 2 39 86 : 2656
23 2 39 85 : 2656
107 : 1248
23 93 59 36 90 34 86 85 : 2832
106 : 48
93 63 59 39 86 85 : 2488
105 : 48
23 2 63 36 34 86 : 2464
2 59 39 90 86 : 2816
104 : 48
23 2 63 36 34 85 : 2464
2 59 39 90 85 : 3008
2 63 59 36 34 : 2560
103 : 72
99 : 1968
102 : 2388
101 : 1632
100 : 48
94 53 90 34 86 : 2496
98 : 1872
94 53 90 34 85 : 2496
97 : 36
96 : 48
95 : 1296
94 : 2776
56 39 90 34 86 85 : 3312
93 : 3968
53 24 34 85 : 2496
92 : 36
53 24 34 86 : 2496
91 : 600
90 : 7488
94 24 34 86 : 2576
76 39 : 2824
76 36 : 3128
56 39 36 34 : 3432
76 34 : 4384
94 24 34 85 : 2584
63 59 90 34 86 : 3596
63 59 90 34 85 : 3596
52 39 86 85 : 2636
93 2 59 39 36 34 85 : 2464
93 2 59 39 36 34 86 : 2464
88 : 96
89 : 8
23 39 90 34 86 : 2720
23 39 90 34 85 : 2720
116 90 34 : 3104
90 86 : 7288
23 2 59 39 36 34 86 85 : 2656
90 85 : 7488
76 67 : 3520
1 34 86 : 3890
110 36 90 34 85 : 3664
1 34 85 : 3898
110 36 90 34 86 : 3664
93 59 39 36 90 85 : 2768
23 93 2 59 39 36 34 : 2464
93 59 39 36 90 86 : 2576
36 86 85 : 6620
2 63 59 36 34 86 85 : 2560
67 63 59 34 86 85 : 2500
1 110 90 86 85 : 2776
93 2 85 : 3152
93 2 86 : 2960
23 93 36 90 : 2976
93 59 86 85 : 3472
93 59 36 90 34 86 : 3024
93 59 36 90 34 85 : 3024
28 2 : 3408
23 93 63 39 34 86 85 : 2488
23 93 59 39 36 90 85 : 2576
23 93 59 39 36 90 86 : 2576
23 63 39 34 : 2680
93 59 39 90 86 85 : 2576
67 63 59 : 2500
76 59 : 3280
6 36 34 : 2646
23 93 36 85 : 3080
93 2 39 90 85 : 2624
23 93 39 36 90 34 85 : 2720
23 93 36 86 : 3080
110 36 90 86 85 : 3664
93 39 36 90 34 85 : 2720
23 93 39 36 90 34 86 : 2720
23 63 90 85 : 2744
23 59 36 34 86 : 3128
93 39 36 90 34 86 : 2720
23 63 90 86 : 2744
23 63 39 36 : 2680
23 59 36 34 85 : 3128
53 63 86 : 3216
53 63 85 : 3216
56 36 34 85 : 3528
56 36 34 86 : 3528
76 34 86 : 4384
76 34 85 : 4384
76 63 : 3040
63 36 34 85 : 3992
2 63 34 86 85 : 3208
63 36 34 86 : 3992
23 93 63 39 36 86 : 2488
23 93 63 39 36 85 : 2488
23 34 86 85 : 3376
53 63 36 90 34 85 : 2736
63 59 39 34 86 85 : 2872
56 36 86 : 3528
93 2 63 : 2800
28 2 53 85 : 2496
28 2 90 34 86 85 : 2688
53 63 90 : 3216
56 34 86 85 : 3776
23 63 34 85 : 3040
53 63 36 90 34 86 : 2736
23 63 34 86 : 3040
56 36 85 : 3528
93 2 63 90 : 2624
94 53 24 90 85 : 2496
23 93 63 39 36 34 86 85 : 2488
94 53 24 90 86 : 2496
76 90 : 3896
28 2 53 86 : 2496
23 59 36 34 86 85 : 3128
39 36 85 : 4556
23 93 2 39 86 85 : 2464
39 36 86 : 4364
63 34 86 85 : 4744
53 24 90 86 : 2496
53 24 90 85 : 2496
23 2 39 36 : 2656
67 63 34 : 3064
1 110 86 85 : 2848
93 2 63 85 : 2800
93 2 63 86 : 2608
67 53 90 85 : 2592
76 85 : 4384
23 2 39 34 : 2656
76 86 : 4384
2 63 59 90 86 85 : 2636
93 2 59 : 2992
39 36 90 : 4208
56 36 90 : 3408
28 59 39 34 85 : 2552
67 53 90 86 : 2592
28 59 39 34 86 : 2552
28 53 : 2496
23 93 63 86 85 : 2848
1 110 : 2848
28 2 39 34 86 : 3024
28 2 39 34 85 : 3024
28 59 : 2920
59 36 34 : 4232
6 86 : 3102
6 85 : 3152
93 63 36 86 85 : 2936
59 39 34 : 3400
63 39 90 34 86 : 2768
63 39 90 34 85 : 2768
56 39 36 90 86 85 : 3312
93 39 36 90 : 2912
2 36 90 85 : 2768
3 90 34 86 85 : 3416
2 63 59 36 85 : 2752
2 36 90 86 : 2576
2 63 59 36 86 : 2560
23 63 36 90 86 85 : 2640
23 63 90 34 : 2744
1 110 24 90 34 : 2504
1 36 90 34 : 3696
59 86 : 4984
93 2 63 39 85 : 2608
23 93 59 90 86 : 2936
63 59 39 36 90 : 2504
23 93 59 90 85 : 2936
59 85 : 5176
2 53 39 34 86 85 : 2496
23 2 63 39 34 86 85 : 2464
59 39 36 : 3064
2 67 86 85 : 2752
67 59 90 34 : 2960
28 39 : 3288
3 39 86 85 : 2584
2 39 90 34 86 85 : 3200
53 63 59 90 34 : 2520
23 93 2 59 : 2560
93 2 90 86 85 : 2624
63 59 39 36 86 : 2608
28 2 63 34 86 85 : 2600
63 59 39 36 85 : 2800
1 110 24 36 90 34 86 85 : 2456
39 36 90 34 : 4016
93 59 34 : 3472
39 90 : 4976
93 59 36 : 3320
93 59 39 : 3016
93 63 36 34 86 85 : 2936
28 53 39 90 34 : 2496
6 36 90 34 86 85 : 2520
93 36 34 86 85 : 3288
93 39 90 86 85 : 2720
28 59 90 85 : 2480
23 90 34 86 85 : 3080
63 59 39 34 85 : 2872
6 90 : 3020
28 63 : 2872
23 36 34 86 85 : 3272
53 24 90 34 : 2496
76 36 90 86 : 2928
52 39 36 85 : 2540
76 36 90 85 : 2928
63 59 39 34 86 : 2872
63 39 36 34 86 : 2680
67 90 34 86 85 : 3976
94 53 24 86 85 : 2496
63 39 36 34 85 : 2680
76 39 34 86 : 2824
76 39 34 85 : 2824
110 53 36 90 34 86 85 : 2736
23 63 59 90 85 : 2672
110 24 36 90 34 : 2528
23 63 59 90 86 : 2672
59 34 : 4984
59 36 : 4424
63 90 34 : 4304
53 63 90 86 85 : 3216
1 110 24 90 85 : 2504
76 36 90 34 : 2928
2 63 39 34 86 85 : 2992
23 63 59 90 34 : 2672
28 63 39 34 85 : 2552
1 36 90 86 : 3696
1 36 90 85 : 3696
1 110 24 90 86 : 2504
24 36 86 85 : 3348
28 63 59 39 : 2480
28 63 39 34 86 : 2552
23 59 39 36 34 86 85 : 2872
53 63 59 90 85 : 2520
63 36 90 34 86 85 : 3696
53 63 59 90 86 : 2520
67 59 90 86 : 2960
67 59 90 85 : 2960
2 53 34 86 85 : 2592
93 2 63 59 86 85 : 2536
93 36 34 : 3288
53 63 59 86 85 : 2520
93 2 59 39 86 85 : 2608
28 53 39 34 85 : 2496
28 53 39 34 86 : 2496
28 53 39 90 85 : 2496
28 53 39 90 86 : 2496
59 39 34 86 : 3400
59 39 34 85 : 3400
63 59 39 36 90 85 : 2504
23 2 63 59 39 34 86 : 2464
23 2 63 59 39 34 85 : 2464
93 2 59 36 90 85 : 2720
53 90 34 85 : 4608
53 90 34 86 : 4608
93 2 59 36 90 86 : 2528
23 2 90 34 86 85 : 2528
59 39 : 3592
23 93 2 59 90 34 86 85 : 2528
56 39 36 90 34 86 85 : 3312
1 24 34 86 85 : 3266
76 59 36 86 85 : 2552
93 2 63 39 36 : 2464
67 59 36 34 86 85 : 2552
110 53 36 90 : 2736
76 59 90 34 85 : 2936
76 59 90 34 86 : 2936
63 59 39 36 34 86 : 2608
28 34 : 3336
63 59 39 36 34 85 : 2608
53 24 90 34 86 85 : 2496
2 76 34 86 85 : 2704
23 2 59 39 36 86 85 : 2656
116 36 90 86 : 2912
110 24 36 90 86 : 2528
23 93 59 39 34 85 : 2680
116 36 90 85 : 2912
63 59 39 36 : 2800
93 63 34 86 85 : 3280
63 59 39 34 : 2872
110 24 36 90 85 : 2624
23 93 59 39 34 86 : 2680
67 34 86 : 4464
2 39 86 85 : 3728
93 63 59 34 86 85 : 3136
67 34 85 : 4464
23 63 59 36 34 : 2864
23 2 34 86 : 2752
2 63 59 36 90 : 2528
63 59 39 36 34 : 2608
24 36 90 86 85 : 3296
2 36 90 34 : 2576
23 93 2 39 : 2464
23 93 90 34 86 : 3080
23 93 90 34 85 : 3080
23 93 2 36 : 2464
1 110 36 34 86 85 : 2800
93 2 90 34 : 2624
23 2 34 85 : 2752
2 53 34 86 : 2592
2 53 34 85 : 2592
93 39 36 34 85 : 2840
2 53 39 34 86 : 2496
93 39 36 34 86 : 2840
2 53 39 34 85 : 2496
23 93 2 34 : 2560
53 59 36 34 : 2736
93 2 59 36 90 34 : 2528
76 63 90 85 : 2696
1 110 85 : 2848
76 63 90 86 : 2696
93 59 90 : 3416
1 110 86 : 2848
23 63 36 85 : 2936
23 63 36 86 : 2936
2 59 39 36 90 85 : 2624
23 2 59 34 86 85 : 2752
3 39 90 85 : 2440
39 34 : 5402
2 63 39 36 34 86 : 2464
23 2 63 59 39 34 86 85 : 2464
39 36 : 4556
2 63 39 36 34 85 : 2464
76 63 85 : 3040
93 63 59 39 36 : 2608
93 63 59 39 34 : 2488
1 110 90 : 2776
93 2 36 90 86 85 : 2528
23 93 59 36 34 : 2936
110 24 90 86 85 : 2624
67 63 90 86 85 : 2720
94 90 34 85 : 2584
94 90 34 86 : 2576
28 53 39 90 34 86 : 2496
28 53 39 90 34 85 : 2496
110 90 34 86 85 : 3856
24 36 34 : 3330
23 93 63 34 86 85 : 2848
28 2 59 39 86 85 : 2480
28 63 59 85 : 2596
110 24 90 34 86 85 : 2624
93 2 59 39 36 90 85 : 2624
23 93 2 59 39 36 34 86 : 2464
23 93 2 59 39 36 34 85 : 2464
93 63 59 36 34 86 85 : 2864
6 36 34 86 85 : 2646
23 59 39 36 86 85 : 2872
67 36 86 85 : 3160
93 36 90 : 3360
24 36 90 86 : 3296
63 59 36 90 34 86 85 : 3192
38 86 85 : 2504
2 53 90 34 : 2592
23 93 63 36 34 86 : 2744
23 63 59 39 : 2608
24 36 90 85 : 3488
23 63 59 34 : 2968
6 36 90 86 85 : 2520
23 93 63 36 34 85 : 2744
23 93 59 90 34 : 2936
23 63 59 36 : 2864
93 2 63 59 39 : 2536
93 2 63 59 36 : 2560
76 39 86 85 : 2824
76 63 86 : 3040
63 39 34 85 : 3208
2 59 36 90 34 85 : 2576
93 36 86 : 3288
2 59 36 90 34 86 : 2576
93 36 85 : 3480
63 39 34 86 : 3208
116 36 90 34 : 2912
23 63 36 90 : 2640
93 36 90 34 85 : 3168
93 36 90 34 86 : 3168
23 93 2 59 90 86 85 : 2528
2 63 90 86 85 : 2840
23 63 34 86 85 : 3040
93 2 63 59 34 : 2536
76 63 90 : 2696
59 36 86 : 4232
59 36 85 : 4424
63 90 34 86 85 : 4304
2 53 39 90 34 86 : 2496
2 53 39 90 34 85 : 2496
23 63 59 90 : 2672
76 63 34 : 3040
3 34 : 3602
28 63 39 34 : 2552
23 39 36 34 86 85 : 3016
3 39 : 2632
28 90 : 2928
10 34 86 : 3218
3 36 : 3016
10 34 85 : 3226
93 2 63 59 85 : 2728
93 2 63 59 86 : 2536
1 90 34 85 : 3808
1 90 34 86 : 3800
1 110 36 : 2800
1 110 34 : 2848
93 2 34 86 : 2960
93 2 34 85 : 2960
2 63 90 34 86 : 2840
59 36 90 : 4128
2 63 90 34 85 : 2840
23 2 59 36 34 85 : 2656
23 2 59 36 34 86 : 2656
93 59 36 34 86 85 : 3128
93 63 36 90 34 86 : 2832
23 63 36 34 : 2936
76 63 90 34 : 2696
93 63 36 90 34 85 : 2832
93 39 86 85 : 3128
53 59 36 85 : 2736
53 59 36 86 : 2736
2 53 90 85 : 2592
23 93 2 39 36 34 85 : 2464
39 86 : 5420
2 53 90 86 : 2592
23 93 2 39 36 34 86 : 2464
52 36 86 85 : 2876
53 59 36 90 : 2736
38 34 86 85 : 2504
28 85 : 3528
24 36 90 34 : 3296
53 24 34 86 85 : 2496
28 86 : 3328
93 2 63 59 90 : 2624
6 36 : 2700
39 85 : 5612
23 63 59 86 : 2968
6 34 : 3098
23 63 59 85 : 2968
23 93 39 36 90 34 86 85 : 2720
67 59 34 86 : 3304
28 2 59 86 85 : 2648
110 86 85 : 3944
76 63 59 : 2488
2 59 90 34 86 85 : 3080
93 63 90 34 85 : 3032
93 63 90 34 86 : 3032
23 59 39 36 34 : 2872
76 39 85 : 2824
76 39 86 : 2824
76 53 90 34 86 85 : 2592
39 90 85 : 4976
39 90 86 : 4784
59 39 90 86 : 2960
2 90 86 85 : 3488
59 39 90 85 : 3152
23 63 59 39 36 86 : 2608
23 63 59 39 36 85 : 2608
76 67 59 86 85 : 2632
53 24 86 85 : 2496
23 93 36 90 86 85 : 2976
93 39 36 90 86 85 : 2720
23 93 2 39 36 34 86 85 : 2464
63 90 85 : 4496
28 2 53 39 90 34 86 : 2496
63 90 86 : 4304
94 34 86 : 2768
28 2 53 39 90 34 85 : 2496
1 24 34 85 : 3274
1 24 34 86 : 3266
67 59 34 85 : 3304
67 63 90 34 86 85 : 2720
1 110 24 : 2504
53 63 90 34 85 : 3216
94 34 85 : 2776
39 36 90 85 : 4208
53 63 90 34 86 : 3216
93 59 85 : 3664
39 36 90 86 : 4016
93 59 86 : 3472
53 86 85 : 4608
23 59 39 36 90 : 2576
2 53 90 34 85 : 2592
2 53 90 34 86 : 2592
56 39 36 90 34 85 : 3312
23 59 39 36 90 86 85 : 2576
56 39 36 90 34 86 : 3312
110 53 90 34 : 2832
23 93 2 36 85 : 2464
23 93 2 36 86 : 2464
53 36 90 85 : 3744
23 63 39 36 34 86 : 2680
23 63 39 36 34 85 : 2680
53 36 90 86 : 3744
76 34 86 85 : 4384
23 36 34 85 : 3272
2 63 59 39 90 85 : 2624
23 36 34 86 : 3272
23 93 59 36 34 86 : 2936
93 2 36 34 86 : 2576
23 93 59 36 34 85 : 2936
23 93 59 39 86 85 : 2680
93 2 36 34 85 : 2576
1 90 86 : 3800
67 63 90 85 : 2720
67 63 90 86 : 2720
52 90 34 : 2688
67 53 90 : 2592
59 39 86 85 : 3400
1 90 85 : 3808
93 63 59 36 34 : 2864
23 2 63 34 85 : 2560
23 2 63 34 86 : 2560
67 53 85 : 2592
67 53 86 : 2592
76 90 86 85 : 3896
10 90 34 85 : 3052
93 2 39 86 85 : 2768
10 90 34 86 : 3044
93 63 59 36 90 34 86 : 2760
76 39 34 : 2824
93 59 39 90 34 85 : 2576
93 63 59 36 90 34 85 : 2760
59 90 86 85 : 4544
23 93 34 86 85 : 3184
53 63 90 34 86 85 : 3216
93 59 39 90 34 86 : 2576
28 63 59 39 85 : 2480
39 90 34 : 4784
63 36 90 34 : 3696
23 93 39 34 85 : 2824
6 90 34 : 2972
63 39 36 86 85 : 2680
23 93 39 34 86 : 2824
23 93 2 39 36 34 : 2464
93 2 63 34 86 85 : 2608
23 2 59 39 36 34 : 2656
63 59 90 86 85 : 3596
63 90 : 4496
23 93 59 39 36 : 2680
93 36 90 86 85 : 3168
67 63 59 86 : 2500
1 110 24 90 34 86 85 : 2504
67 63 59 85 : 2500
2 63 39 90 34 85 : 2624
23 59 39 36 86 : 2872
2 63 39 90 34 86 : 2624
23 93 59 39 34 : 2680
93 36 90 34 : 3168
23 59 39 36 85 : 2872
28 2 63 59 85 : 2516
24 36 90 : 3488
23 93 63 59 36 86 85 : 2672
93 67 34 86 85 : 2608
63 85 : 4936
63 86 : 4744
23 93 59 39 90 34 : 2576
1 90 34 : 3808
2 63 39 90 34 : 2624
23 2 90 34 : 2528
23 93 90 86 : 3080
24 36 86 : 3348
93 67 34 85 : 2608
24 36 85 : 3540
53 59 36 90 34 86 85 : 2736
23 93 2 59 34 86 85 : 2560
67 53 34 : 2592
23 2 63 59 86 85 : 2560
1 110 36 34 85 : 2800
28 2 63 39 86 85 : 2480
1 110 36 34 86 : 2800
93 67 34 86 : 2608
23 2 34 86 85 : 2752
23 93 63 59 36 90 : 2568
28 59 39 34 86 85 : 2552
63 59 90 34 86 85 : 3596
63 39 90 85 : 2960
110 53 90 86 : 2832
110 53 90 85 : 2832
23 93 2 36 34 : 2464
23 2 63 59 39 36 86 85 : 2464
93 63 39 36 86 85 : 2488
2 63 90 34 86 85 : 2840
23 93 63 59 36 86 : 2672
2 63 36 86 85 : 2560
23 93 63 59 36 85 : 2672
23 93 90 85 : 3080
63 39 90 86 : 2768
1 110 36 90 34 86 85 : 2728
23 93 2 39 36 86 85 : 2464
63 59 36 34 86 85 : 3488
28 2 53 86 85 : 2496
3 36 86 85 : 2968
53 36 90 34 : 3744
76 59 90 34 86 85 : 2936
1 24 36 90 34 : 3152
23 2 59 36 86 85 : 2656
116 56 90 34 : 2448
93 36 90 86 : 3168
1 24 36 90 86 85 : 3152
23 63 59 90 86 85 : 2672
23 93 39 90 85 : 2720
24 90 85 : 4408
24 90 86 : 4208
23 93 39 90 86 : 2720
3 85 : 3656
93 36 90 85 : 3360
23 63 59 90 34 86 : 2672
3 86 : 3608
93 2 39 36 34 : 2480
23 63 59 90 34 85 : 2672
63 36 90 85 : 3888
63 36 90 86 : 3696
23 93 59 39 : 2680
23 93 59 36 : 2936
23 93 59 34 : 3040
52 86 85 : 3316
94 90 86 : 2576
76 67 34 85 : 3520
94 90 85 : 2584
76 67 34 86 : 3520
23 93 2 39 36 85 : 2464
93 63 59 36 90 34 : 2760
23 93 2 39 36 86 : 2464
3 90 : 3464
28 2 63 34 85 : 2600
28 2 63 34 86 : 2600
93 59 36 34 : 3128
93 2 90 34 86 85 : 2624
28 59 85 : 2920
56 90 86 85 : 3656
110 53 36 85 : 2736
110 53 36 86 : 2736
93 63 34 85 : 3280
63 59 34 85 : 3964
63 59 34 86 : 3964
116 56 86 85 : 2456
53 59 90 34 86 85 : 3216
2 63 59 34 86 85 : 2932
53 59 36 90 85 : 2736
23 93 39 90 34 : 2720
23 63 39 34 86 85 : 2680
24 90 34 : 4216
53 63 59 34 86 85 : 2520
28 59 90 : 2480
23 2 59 39 36 86 : 2656
53 59 36 90 86 : 2736
23 2 59 39 36 85 : 2656
3 36 90 34 86 85 : 2872
28 59 86 : 2728
23 93 90 34 : 3080
93 36 90 34 86 85 : 3168
1 24 36 90 85 : 3152
76 59 36 34 86 85 : 2552
1 24 36 90 86 : 3152
94 90 34 86 85 : 2576
2 63 39 36 : 2656
94 90 34 : 2584
2 59 39 34 86 85 : 3184
63 36 90 34 85 : 3696
63 36 90 34 86 : 3696
2 67 39 34 86 85 : 2464
90 34 85 : 7296
90 34 86 : 7288
93 59 36 34 86 : 3128
2 63 39 34 : 2992
93 59 36 34 85 : 3128
28 53 90 34 86 85 : 2496
1 24 36 34 86 85 : 3170
53 59 36 90 34 86 : 2736
53 59 36 90 34 85 : 2736
93 39 36 34 : 2840
36 34 86 85 : 6602
28 2 63 86 85 : 2600
93 63 34 86 : 3280
23 63 59 36 90 34 86 85 : 2568
116 86 85 : 3148
59 39 90 : 3152
116 56 90 85 : 2448
116 56 90 86 : 2448
23 2 59 39 36 : 2656
23 2 59 39 34 : 2656
63 34 : 4744
53 59 34 86 85 : 3216
93 63 59 36 90 85 : 2952
63 36 : 4184
93 63 59 36 90 86 : 2760
63 39 : 3400
59 39 86 : 3400
76 67 59 : 2632
28 59 39 : 2744
53 63 34 86 85 : 3216
93 90 85 : 3560
59 39 85 : 3592
93 90 86 : 3368
23 93 63 34 86 : 2848
23 93 63 34 85 : 2848
67 63 59 34 : 2500
52 90 85 : 2880
28 59 34 : 2728
52 90 86 : 2680
28 2 53 39 90 34 86 85 : 2496
53 63 34 85 : 3216
53 63 34 86 : 3216
93 59 36 85 : 3320
93 59 36 86 : 3128
23 93 63 59 90 34 86 85 : 2672
9 85 : 2556
2 63 59 90 34 86 85 : 2636
53 59 36 34 85 : 2736
53 59 36 34 86 : 2736
110 24 34 86 85 : 2624
110 53 36 34 : 2736
93 59 36 90 : 3216
110 90 86 85 : 3856
76 36 90 86 85 : 2928
23 93 63 59 36 34 : 2672
94 24 90 86 85 : 2576
63 59 : 4156
93 63 59 36 85 : 3056
23 93 63 39 36 86 85 : 2488
93 39 36 86 : 2840
93 39 36 85 : 3032
28 2 34 86 85 : 3216
93 63 59 36 86 : 2864
23 93 59 39 90 : 2576
23 2 59 39 85 : 2656
23 93 59 39 85 : 2680
23 39 36 90 34 86 85 : 2720
23 2 59 39 86 : 2656
10 36 90 34 86 85 : 3016
23 93 59 39 86 : 2680
2 36 86 85 : 2816
23 2 39 86 85 : 2656
93 2 36 90 34 86 : 2528
93 2 36 90 34 85 : 2528
93 63 59 36 90 : 2952
67 63 34 86 85 : 3064
23 93 2 34 86 85 : 2560
76 67 34 : 3520
67 39 34 86 85 : 2824
28 53 34 86 : 2496
28 53 34 85 : 2496
56 39 36 34 85 : 3432
56 39 36 34 86 : 3432
63 34 86 : 4744
93 90 34 85 : 3368
93 90 34 86 : 3368
63 34 85 : 4744
23 63 39 34 85 : 2680
23 63 39 34 86 : 2680
59 90 : 4736
2 63 39 90 85 : 2816
2 63 39 90 86 : 2624
53 90 34 86 85 : 4608
93 63 59 36 90 86 85 : 2760
93 2 59 39 85 : 2800
93 63 36 90 85 : 3024
93 63 36 90 86 : 2832
23 93 39 34 : 2824
2 63 39 90 34 86 85 : 2624
23 93 39 36 : 2824
93 59 39 90 86 : 2576
23 2 63 59 39 36 86 : 2464
93 59 39 90 85 : 2768
93 63 59 39 34 86 85 : 2488
23 2 63 59 39 36 85 : 2464
67 34 86 85 : 4464
76 59 90 34 : 2936
23 2 63 59 36 85 : 2464
23 2 63 59 36 86 : 2464
116 34 86 : 3130
76 36 86 85 : 3128
116 34 85 : 3130
56 90 86 : 3656
56 90 85 : 3656
24 90 86 85 : 4208
93 2 59 39 86 : 2608
1 36 34 86 : 3786
1 36 34 85 : 3786
28 53 39 34 : 2496
28 2 90 86 85 : 2688
23 93 2 59 36 86 85 : 2464
28 63 34 86 : 2680
93 63 59 36 86 85 : 2864
28 63 34 85 : 2680
76 67 85 : 3520
76 67 86 : 3520
23 2 63 39 34 85 : 2464
23 2 63 39 34 86 : 2464
23 2 39 36 34 86 : 2656
93 2 36 90 : 2720
23 2 39 36 34 85 : 2656
23 93 39 36 90 : 2720
23 93 2 34 85 : 2560
93 90 34 : 3368
36 90 86 85 : 6272
2 63 59 90 34 85 : 2636
2 63 36 34 86 85 : 2560
2 63 59 90 34 86 : 2636
23 93 2 34 86 : 2560
23 93 2 39 86 : 2464
23 93 2 39 85 : 2464
23 59 36 90 34 85 : 2832
23 59 36 90 34 86 : 2832
116 86 : 3148
24 86 : 4548
76 67 90 : 3080
2 59 90 34 85 : 3080
24 85 : 4748
23 93 39 86 85 : 2824
2 59 90 34 86 : 3080
116 85 : 3148
23 93 36 90 34 86 85 : 2976
76 36 90 34 85 : 2928
23 93 39 36 85 : 2824
23 93 39 36 86 : 2824
28 2 86 85 : 3216
116 36 90 34 85 : 2912
116 36 90 34 86 : 2912
93 63 59 90 34 86 85 : 2960
23 2 63 39 86 85 : 2464
23 39 90 34 86 85 : 2720
76 36 90 34 86 : 2928
2 67 34 : 2752
23 34 85 : 3376
24 90 : 4408
23 34 86 : 3376
116 90 : 3104
2 67 39 : 2464
23 63 59 36 86 85 : 2864
93 2 90 34 85 : 2624
2 63 39 36 34 86 85 : 2464
38 34 85 : 2512
38 34 86 : 2504
23 93 63 59 36 34 86 85 : 2672
76 67 59 34 86 85 : 2632
93 2 90 34 86 : 2624
28 63 34 86 85 : 2680
93 2 34 86 85 : 2960
93 2 39 36 34 85 : 2480
93 2 39 36 34 86 : 2480
2 39 90 34 : 3200
93 63 39 90 : 2576
56 36 90 86 85 : 3408
76 63 86 85 : 3040
23 93 2 39 34 : 2464
110 24 90 34 : 2624
23 93 63 59 90 34 85 : 2672
23 63 36 90 34 : 2640
23 93 63 59 90 34 86 : 2672
23 2 39 36 34 86 85 : 2656
93 63 36 90 34 : 2832
1 86 85 : 3908
59 36 34 86 85 : 4232
23 93 2 39 36 : 2464
116 56 34 85 : 2456
23 59 39 36 34 85 : 2872
93 59 39 36 90 34 86 85 : 2576
23 59 39 36 34 86 : 2872
59 39 90 34 85 : 2960
59 39 90 34 86 : 2960
93 63 39 86 : 2632
93 63 39 85 : 2824
110 53 36 34 85 : 2736
52 90 34 86 : 2680
110 53 36 34 86 : 2736
52 90 34 85 : 2688
23 63 59 39 86 85 : 2608
116 56 34 86 : 2456
2 63 59 39 86 : 2728
23 93 59 36 86 85 : 2936
93 2 63 59 36 90 : 2528
24 39 : 2596
2 63 59 39 85 : 2920
24 36 : 3540
93 59 39 36 90 : 2768
59 39 36 90 86 85 : 2576
116 90 34 85 : 3104
59 34 85 : 4984
116 90 34 86 : 3104
59 34 86 : 4984
2 76 85 : 2704
2 76 86 : 2704
63 39 90 86 85 : 2768
93 2 36 86 : 2576
23 59 36 90 34 : 2832
93 2 36 85 : 2768
28 39 34 86 85 : 3096
116 56 90 86 85 : 2448
93 59 39 36 85 : 2872
93 59 39 36 86 : 2680
93 2 59 39 90 : 2624
23 93 86 : 3184
23 93 85 : 3184
23 2 63 59 36 34 : 2464
10 36 34 86 85 : 3190
23 93 90 : 3080
2 63 59 39 90 : 2624
23 86 85 : 3376
10 36 34 : 3190
116 56 34 : 2456
10 90 34 86 85 : 3044
36 90 34 86 : 6272
3 39 34 85 : 2578
36 90 34 85 : 6272
52 90 86 85 : 2680
23 2 63 59 39 36 : 2464
28 34 86 85 : 3328
2 53 90 86 85 : 2592
23 2 63 59 39 34 : 2464
23 2 90 85 : 2528
3 39 34 86 : 2578
24 36 90 34 86 85 : 3296
23 2 90 86 : 2528
23 93 59 : 3040
23 59 86 85 : 3232
110 53 86 : 2832
24 34 : 4538
23 59 36 90 85 : 2832
59 36 90 86 85 : 3936
76 63 59 34 : 2488
23 59 36 90 86 : 2832
39 36 90 34 85 : 4016
39 36 90 34 86 : 4016
53 59 36 90 86 85 : 2736
23 93 63 39 36 34 85 : 2488
63 86 85 : 4744
23 93 63 39 36 34 86 : 2488
23 63 39 36 86 85 : 2680
23 93 63 : 2848
93 63 59 90 34 86 : 2960
2 63 59 39 34 85 : 2728
110 90 34 : 3856
93 63 59 90 34 85 : 2960
2 63 59 39 34 86 : 2728
110 53 85 : 2832
23 63 36 90 86 : 2640
28 53 39 85 : 2496
23 63 36 90 85 : 2640
28 2 59 39 86 : 2480
93 59 39 86 85 : 2824
28 2 59 39 85 : 2672
110 53 90 86 85 : 2832
1 110 24 36 90 86 85 : 2456
23 93 39 90 : 2720
23 90 86 : 3080
34 85 : 7914
34 86 : 7906
93 2 39 36 : 2672
110 24 90 85 : 2720
23 93 34 : 3184
93 2 39 34 : 2768
110 24 90 86 : 2624
23 2 59 34 : 2752
23 93 36 : 3080
23 2 59 36 : 2656
23 2 59 39 : 2656
23 93 39 : 2824
23 90 85 : 3080
23 39 36 90 86 : 2720
null : 0
28 53 39 86 : 2496
110 53 90 : 2832
23 39 36 90 85 : 2720
94 53 24 34 86 : 2496
93 2 36 34 : 2576
93 2 63 59 36 90 85 : 2528
23 39 36 34 85 : 3016
28 53 39 90 : 2496
23 39 36 34 86 : 3016
94 53 24 34 85 : 2496
23 63 59 39 36 86 85 : 2608
2 53 39 90 86 85 : 2496
110 24 36 34 : 2528
93 2 39 34 86 85 : 2768
94 53 24 34 86 85 : 2496
110 24 36 90 34 86 85 : 2528
59 39 90 86 85 : 2960
76 63 59 85 : 2488
23 2 59 90 : 2528
93 39 34 : 3128
110 53 34 : 2832
93 39 36 : 3032
76 63 59 86 : 2488
110 53 36 : 2736
2 39 34 86 85 : 3728
2 67 86 : 2752
93 59 39 36 34 : 2680
23 93 63 59 36 34 86 : 2672
23 2 59 34 86 : 2752
2 67 85 : 2752
23 2 59 34 85 : 2752
10 36 85 : 3208
10 36 86 : 3208
59 39 36 34 85 : 2872
93 2 59 39 36 : 2656
59 39 36 34 86 : 2872
93 2 59 39 34 : 2608
23 93 63 59 36 34 85 : 2672
94 86 : 2768
94 85 : 2776
94 24 90 34 86 85 : 2576
116 36 : 2956
93 2 59 39 90 85 : 2624
116 34 : 3130
28 2 59 39 34 : 2480
2 63 59 39 34 : 2728
28 2 39 86 85 : 3024
2 63 59 39 36 : 2656
67 90 34 : 3976
10 36 90 : 3016
23 63 59 39 34 86 85 : 2608
23 93 63 39 34 85 : 2488
23 93 39 86 : 2824
23 2 63 59 39 85 : 2464
23 93 63 39 34 86 : 2488
23 93 39 85 : 2824
94 90 : 2584
93 2 63 39 36 85 : 2464
23 2 63 59 39 86 : 2464
67 36 90 34 86 85 : 2960
23 39 36 90 34 : 2720
1 90 86 85 : 3800
67 90 86 85 : 3976
59 39 36 90 34 86 85 : 2576
116 90 34 86 85 : 3104
93 2 39 36 85 : 2672
93 2 39 36 86 : 2480
93 39 36 90 34 86 85 : 2720
23 2 63 59 36 34 85 : 2464
23 2 63 59 36 34 86 : 2464
23 93 2 90 86 85 : 2528
1 24 36 90 34 86 85 : 3152
23 2 86 85 : 2752
116 56 : 2456
67 53 34 86 85 : 2592
23 2 59 86 : 2752
23 2 59 85 : 2752
93 2 39 36 90 : 2624
90 86 85 : 7288
2 36 90 34 86 85 : 2576
53 59 86 85 : 3216
53 39 90 : 2784
93 63 36 34 85 : 2936
93 63 36 34 86 : 2936
93 2 36 90 86 : 2528
23 90 34 : 3080
93 2 36 90 85 : 2720
59 39 90 34 : 2960
23 59 90 34 : 2936
28 2 39 86 : 3024
93 2 39 86 : 2768
93 2 39 85 : 2960
53 36 34 85 : 3744
53 36 34 86 : 3744
53 63 36 34 86 85 : 2736
10 36 34 85 : 3190
28 59 39 34 : 2552
110 24 36 90 : 2624
10 36 34 86 : 3190
53 90 34 : 4608
93 39 85 : 3320
93 39 86 : 3128
28 90 34 86 85 : 2728
23 2 63 34 : 2560
93 2 39 90 : 2624
63 36 34 : 3992
28 2 39 85 : 3216
2 63 86 85 : 3208
23 2 63 39 : 2464
28 2 59 90 85 : 2472
28 2 53 39 34 86 : 2496
28 2 53 39 34 85 : 2496
1 110 34 86 85 : 2848
23 2 63 36 : 2464
67 39 34 85 : 2824
110 36 90 85 : 3760
67 39 34 86 : 2824
110 36 90 86 : 3664
59 39 36 90 85 : 2768
93 63 59 36 90 34 86 85 : 2760
110 24 36 86 : 2528
110 24 36 85 : 2624
23 39 90 85 : 2720
56 36 34 86 85 : 3528
93 76 86 85 : 2608
59 39 36 90 86 : 2576
94 86 85 : 2768
23 39 90 86 : 2720
23 93 2 59 34 86 : 2560
23 2 90 34 86 : 2528
23 93 2 59 34 85 : 2560
23 2 90 34 85 : 2528
6 36 90 34 85 : 2520
93 63 90 34 86 85 : 3032
6 36 90 34 86 : 2520
76 63 90 86 85 : 2696
23 59 39 : 2872
23 59 36 : 3128
94 34 : 2776
23 93 59 86 85 : 3040
2 39 36 86 : 2672
23 59 34 : 3232
2 39 36 85 : 2864
23 93 59 39 34 86 85 : 2680
23 59 39 36 90 34 85 : 2576
23 59 39 36 90 34 86 : 2576
93 2 86 85 : 2960
56 39 90 86 85 : 3312
63 39 36 90 85 : 2576
116 56 90 34 85 : 2448
116 56 90 34 86 : 2448
56 39 36 34 86 85 : 3432
63 59 34 86 85 : 3964
67 63 86 85 : 3064
1 110 34 85 : 2848
2 63 59 90 34 : 2636
1 110 34 86 : 2848
110 90 86 : 3856
110 90 85 : 3952
93 63 59 34 : 3136
28 2 53 90 34 85 : 2496
28 2 53 90 34 86 : 2496
93 63 59 36 : 3056
93 63 59 39 : 2680
93 2 59 34 86 85 : 2800
2 39 36 90 : 2624
28 53 39 86 85 : 2496
23 63 59 36 90 86 : 2568
28 2 53 39 34 86 85 : 2496
23 63 59 36 90 85 : 2568
2 59 36 34 86 85 : 2800
6 36 90 85 : 2568
59 36 34 86 : 4232
59 36 34 85 : 4232
6 36 90 86 : 2520
28 2 39 90 : 2688
23 93 59 39 36 86 85 : 2680
93 59 39 36 86 85 : 2680
2 63 59 86 85 : 2932
94 53 : 2496
67 36 34 : 3160
76 59 34 : 3280
76 59 36 : 2552
23 2 63 59 39 86 85 : 2464
59 39 36 90 34 : 2576
53 34 86 : 4608
110 36 90 34 : 3664
53 34 85 : 4608
23 90 34 85 : 3080
1 24 36 34 85 : 3170
23 90 34 86 : 3080
1 24 36 34 86 : 3170
23 93 86 85 : 3184
67 36 90 86 : 2960
93 2 36 90 34 : 2528
67 36 90 85 : 2960
23 63 59 36 34 86 85 : 2864
93 2 39 36 86 85 : 2480
56 36 86 85 : 3528
67 53 90 86 85 : 2592
93 2 36 90 34 86 85 : 2528
6 34 86 85 : 3096
63 59 36 90 34 86 : 3192
23 90 : 3080
28 2 39 34 : 3024
23 93 59 39 36 34 86 : 2680
28 53 34 : 2496
23 93 59 39 36 34 85 : 2680
2 53 39 86 85 : 2496
28 53 39 : 2496
1 110 24 36 90 34 86 : 2456
1 110 24 36 90 34 85 : 2456
28 53 39 90 34 86 85 : 2496
76 90 34 85 : 3896
76 67 34 86 85 : 3520
53 39 86 85 : 2784
76 90 34 86 : 3896
63 59 36 90 34 85 : 3192
23 93 : 3184
2 39 36 34 : 2672
2 63 59 39 36 86 85 : 2464
10 36 90 86 85 : 3016
63 36 85 : 4184
53 90 85 : 4608
53 90 86 : 4608
67 36 90 : 2960
23 93 2 59 90 34 : 2528
23 2 63 86 : 2560
63 36 86 : 3992
23 2 63 85 : 2560
67 59 90 86 85 : 2960
52 34 86 85 : 3298
94 53 24 90 34 85 : 2496
23 93 2 90 34 : 2528
94 53 24 90 34 86 : 2496
2 63 59 39 : 2920
6 36 34 86 : 2646
2 59 34 86 : 3448
6 36 34 85 : 2646
2 59 34 85 : 3448
23 59 34 86 85 : 3232
2 63 59 34 : 2932
23 86 : 3376
23 85 : 3376
2 63 59 36 : 2752
39 36 34 85 : 4346
67 36 85 : 3160
94 24 : 2584
39 36 34 86 : 4346
63 36 90 : 3888
23 2 63 59 : 2560
67 36 86 : 3160
93 63 59 86 85 : 3136
2 39 36 34 86 : 2672
2 53 86 85 : 2592
110 53 36 34 86 85 : 2736
2 63 59 34 85 : 2932
2 63 59 34 86 : 2932
116 56 86 : 2456
2 39 36 34 85 : 2672
116 56 85 : 2456
116 56 90 : 2448
2 63 34 85 : 3208
28 2 59 34 86 85 : 2648
93 39 90 : 2912
67 90 86 : 3976
67 90 85 : 3976
23 93 36 86 85 : 3080
1 110 24 36 86 85 : 2456
2 63 34 86 : 3208
24 36 34 86 85 : 3330
63 59 39 90 86 85 : 2504
23 93 63 90 34 86 85 : 2744
34 86 85 : 7906
2 36 34 : 2816
93 63 59 39 36 90 85 : 2504
93 63 59 : 3328
23 63 59 39 36 34 86 : 2608
53 36 34 86 85 : 3744
56 36 90 34 86 85 : 3408
23 63 59 39 36 34 85 : 2608
67 59 86 : 3304
28 2 63 86 : 2600
67 59 85 : 3304
28 2 63 85 : 2792
6 34 86 : 3096
6 34 85 : 3098
110 90 34 85 : 3856
110 90 34 86 : 3856
23 59 : 3232
28 53 90 : 2496
93 2 59 39 36 90 : 2624
23 59 34 85 : 3232
23 63 : 3040
93 63 39 36 : 2680
93 2 63 59 36 85 : 2560
28 53 86 : 2496
28 53 85 : 2496
23 2 59 90 34 86 85 : 2528
23 63 59 36 90 34 : 2568
28 59 34 86 85 : 2728
53 63 59 90 34 86 : 2520
93 63 59 39 90 85 : 2504
93 2 90 85 : 2816
53 63 59 90 34 85 : 2520
93 2 90 86 : 2624
24 90 34 85 : 4216
24 90 34 86 : 4208
67 59 90 : 2960
23 2 63 39 36 34 85 : 2464
67 36 90 34 : 2960
23 59 34 86 : 3232
56 39 34 86 : 3432
23 2 63 39 36 34 86 : 2464
56 39 34 85 : 3432
23 93 63 36 34 86 85 : 2744
63 59 39 85 : 3064
63 59 39 86 : 2872
67 59 86 85 : 3304
94 53 24 90 86 85 : 2496
67 86 85 : 4464
23 93 39 36 34 : 2824
28 2 59 34 86 : 2648
28 2 59 34 85 : 2648
76 59 86 : 3280
76 59 85 : 3280
23 93 2 59 90 85 : 2528
53 39 34 : 2784
2 76 39 : 2464
23 93 63 59 34 85 : 2776
93 63 36 : 3128
23 93 63 59 34 86 : 2776
93 63 39 : 2824
23 2 63 59 34 86 85 : 2560
23 93 2 59 86 85 : 2560
116 36 90 86 85 : 2912
63 90 86 85 : 4304
2 76 34 : 2704
23 36 : 3272
23 34 : 3376
23 39 : 3016
67 53 90 34 86 85 : 2592
110 53 36 86 85 : 2736
10 90 86 85 : 3044
2 36 34 86 85 : 2816
93 2 59 90 34 86 85 : 2624
1 24 36 90 34 85 : 3152
93 2 59 39 36 85 : 2656
93 2 59 39 36 86 : 2464
1 24 36 90 34 86 : 3152
28 2 63 59 : 2516
56 34 85 : 3776
67 53 90 34 85 : 2592
28 2 53 34 86 : 2496
56 34 86 : 3776
67 53 90 34 86 : 2592
28 2 53 34 85 : 2496
23 93 39 90 86 85 : 2720
39 36 34 86 85 : 4346
28 59 39 86 : 2552
28 59 39 85 : 2744
93 63 34 : 3280
23 93 2 90 85 : 2528
59 39 36 34 86 85 : 2872
23 93 63 36 90 34 86 : 2640
23 93 63 36 90 34 85 : 2640
23 93 2 90 86 : 2528
59 36 90 85 : 4128
28 39 34 85 : 3096
28 39 34 86 : 3096
59 36 90 86 : 3936
2 63 39 86 85 : 2992
6 36 90 34 : 2520
56 90 34 : 3656
23 2 59 39 86 85 : 2656
2 63 39 36 86 85 : 2464
93 2 59 36 34 86 : 2560
53 63 59 90 34 86 85 : 2520
28 2 63 39 : 2672
23 39 90 34 : 2720
53 59 34 85 : 3216
53 59 34 86 : 3216
67 59 36 : 2552
23 59 90 : 2936
28 2 53 90 86 85 : 2496
23 93 2 90 34 86 85 : 2528
23 2 63 59 39 36 34 : 2464
67 39 86 85 : 2824
3 90 34 85 : 3416
93 2 59 36 34 85 : 2560
3 90 34 86 : 3416
38 90 34 85 : 2512
93 2 59 39 34 86 85 : 2608
38 90 34 86 : 2504
67 53 86 85 : 2592
2 63 59 90 86 : 2636
23 93 2 59 39 34 86 : 2464
28 34 85 : 3336
23 93 2 59 39 34 85 : 2464
28 34 86 : 3328
39 36 86 85 : 4364
93 2 63 59 34 86 85 : 2536
28 2 63 34 : 2600
23 93 59 39 90 34 86 : 2576
2 63 59 90 : 2828
23 93 59 39 90 34 85 : 2576
2 63 59 85 : 3124
2 63 59 86 : 2932
23 93 2 59 90 34 86 : 2528
23 59 90 86 : 2936
93 76 34 86 85 : 2608
23 93 2 59 90 34 85 : 2528
23 59 86 : 3232
23 59 90 85 : 2936
23 59 85 : 3232
93 59 34 86 : 3472
93 59 34 85 : 3472
3 34 86 85 : 3602
93 63 90 : 3224
2 39 90 86 : 3200
110 36 86 85 : 3752
2 39 90 85 : 3392
93 63 59 90 : 3152
23 93 2 59 90 86 : 2528
3 36 34 86 85 : 2962
93 63 86 : 3280
93 63 85 : 3472
76 59 90 : 2936
2 63 59 90 85 : 2828
59 36 90 34 : 3936
76 67 59 34 86 : 2632
23 93 2 90 : 2528
76 67 59 34 85 : 2632
63 59 39 90 : 2696
23 93 90 86 85 : 3080
67 63 90 34 86 : 2720
93 90 34 86 85 : 3368
23 93 2 86 : 2560
23 93 2 85 : 2560
23 36 90 34 86 85 : 2976
53 59 36 34 86 85 : 2736
93 63 39 34 : 2632
53 39 86 : 2784
94 53 90 86 : 2496
53 39 85 : 2784
110 53 86 85 : 2832
93 63 59 86 : 3136
93 39 90 34 86 : 2720
94 53 90 85 : 2496
93 63 59 85 : 3328
23 2 36 34 86 85 : 2656
93 39 90 34 85 : 2720
76 63 59 34 86 85 : 2488
67 59 34 : 3304
67 63 90 34 85 : 2720
23 93 59 39 36 90 34 86 85 : 2576
28 53 90 34 85 : 2496
28 53 90 34 86 : 2496
110 53 34 86 : 2832
110 53 34 85 : 2832
52 39 34 85 : 2618
52 39 34 86 : 2618
total : 2827